0.05,0.49106,-0.40592,0.22724,0.949,-0.314,-0.027,-0.013
0.1,0.49617,-0.40421,0.22914,0.949,-0.314,-0.027,-0.013
0.15,0.50128,-0.40247,0.23098,0.949,-0.314,-0.027,-0.013
0.2,0.50641,-0.4007,0.23273,0.949,-0.314,-0.027,-0.013
0.25,0.51156,-0.39885,0.23435,0.949,-0.314,-0.027,-0.013
0.3,0.51673,-0.39691,0.23577,0.949,-0.314,-0.027,-0.013
0.35,0.52193,-0.39483,0.23692,0.949,-0.314,-0.027,-0.013
0.4,0.52716,-0.39257,0.23773,0.949,-0.314,-0.027,-0.013
0.45,0.53238,-0.39001,0.2381,0.949,-0.314,-0.027,-0.013
0.5,0.53753,-0.38686,0.2379,0.949,-0.314,-0.027,-0.013
0.55,0.54247,-0.38271,0.23701,0.949,-0.314,-0.027,-0.013
0.6,0.54718,-0.37744,0.23532,0.949,-0.314,-0.027,-0.013
0.65,0.55183,-0.3716,0.23284,0.949,-0.314,-0.027,-0.013
0.7,0.55671,-0.3661,0.22972,0.949,-0.314,-0.027,-0.013
0.75,0.56196,-0.3615,0.22608,0.949,-0.314,-0.027,-0.013
0.8,0.56752,-0.35776,0.222,0.949,-0.314,-0.027,-0.013
0.85,0.57322,-0.35449,0.21752,0.949,-0.314,-0.027,-0.013
0.9,0.57896,-0.3514,0.21268,0.949,-0.314,-0.027,-0.013
0.95,0.58467,-0.34837,0.2075,0.949,-0.314,-0.027,-0.013
1,0.59031,-0.34537,0.20204,0.949,-0.314,-0.027,-0.013
1.05,0.59588,-0.34238,0.19633,0.949,-0.314,-0.027,-0.013
1.1,0.60136,-0.3394,0.19043,0.949,-0.314,-0.027,-0.013
1.15,0.60674,-0.33645,0.18438,0.949,-0.314,-0.027,-0.013
1.2,0.612,-0.33351,0.17823,0.949,-0.314,-0.027,-0.013
1.25,0.61713,-0.33059,0.17202,0.949,-0.314,-0.027,-0.013
1.3,0.62212,-0.32769,0.16581,0.949,-0.314,-0.027,-0.013
1.35,0.62695,-0.32481,0.15963,0.949,-0.314,-0.027,-0.013
1.4,0.63162,-0.32196,0.15354,0.949,-0.314,-0.027,-0.013
1.45,0.63612,-0.31913,0.14758,0.949,-0.314,-0.027,-0.013
1.5,0.64045,-0.31632,0.1418,0.949,-0.314,-0.027,-0.013
1.55,0.64459,-0.31354,0.13623,0.949,-0.314,-0.027,-0.013
1.6,0.64855,-0.31078,0.1309,0.949,-0.314,-0.027,-0.013
1.65,0.65233,-0.30806,0.12586,0.949,-0.314,-0.027,-0.013
1.7,0.65592,-0.30536,0.12112,0.949,-0.314,-0.027,-0.013
1.75,0.65933,-0.3027,0.11671,0.949,-0.314,-0.027,-0.013
1.8,0.66258,-0.30007,0.11264,0.949,-0.314,-0.027,-0.013
1.85,0.66566,-0.29748,0.10892,0.949,-0.314,-0.027,-0.013
1.9,0.66859,-0.29492,0.10555,0.949,-0.314,-0.027,-0.013
1.95,0.67138,-0.2924,0.10252,0.949,-0.314,-0.027,-0.013
2,0.67403,-0.28992,0.099839,0.949,-0.314,-0.027,-0.013
2.05,0.67656,-0.28747,0.097487,0.949,-0.314,-0.027,-0.013
2.1,0.67898,-0.28507,0.095453,0.949,-0.314,-0.027,-0.013
2.15,0.68129,-0.2827,0.093723,0.949,-0.314,-0.027,-0.013
2.2,0.68351,-0.28038,0.092282,0.949,-0.314,-0.027,-0.013
2.25,0.68563,-0.2781,0.091117,0.949,-0.314,-0.027,-0.013
2.3,0.68768,-0.27585,0.090211,0.949,-0.314,-0.027,-0.013
2.35,0.68965,-0.27365,0.089552,0.949,-0.314,-0.027,-0.013
2.4,0.69154,-0.2715,0.089124,0.949,-0.314,-0.027,-0.013
2.45,0.69337,-0.26938,0.088914,0.949,-0.314,-0.027,-0.013
2.5,0.69513,-0.26731,0.088909,0.949,-0.314,-0.027,-0.013
2.55,0.69684,-0.26528,0.089096,0.949,-0.314,-0.027,-0.013
2.6,0.69849,-0.26329,0.089462,0.949,-0.314,-0.027,-0.013
2.65,0.70009,-0.26135,0.089994,0.949,-0.314,-0.027,-0.013
2.7,0.70164,-0.25945,0.090681,0.949,-0.314,-0.027,-0.013
2.75,0.70315,-0.2576,0.091511,0.949,-0.314,-0.027,-0.013
2.8,0.70461,-0.25579,0.092471,0.949,-0.314,-0.027,-0.013
2.85,0.70604,-0.25402,0.093549,0.949,-0.314,-0.027,-0.013
2.9,0.70743,-0.2523,0.094735,0.949,-0.314,-0.027,-0.013
2.95,0.70878,-0.25062,0.096015,0.949,-0.314,-0.027,-0.013
3,0.71011,-0.24899,0.097378,0.949,-0.314,-0.027,-0.013
3.05,0.71141,-0.24741,0.098812,0.949,-0.314,-0.027,-0.013
3.1,0.71269,-0.24587,0.1003,0.949,-0.314,-0.027,-0.013
3.15,0.71395,-0.24437,0.10184,0.949,-0.314,-0.027,-0.013
3.2,0.71519,-0.24292,0.10342,0.949,-0.314,-0.027,-0.013
3.25,0.71641,-0.24152,0.10502,0.949,-0.314,-0.027,-0.013
3.3,0.71763,-0.24016,0.10662,0.949,-0.314,-0.027,-0.013
3.35,0.71883,-0.23885,0.10822,0.949,-0.314,-0.027,-0.013
3.4,0.72004,-0.23758,0.1098,0.949,-0.314,-0.027,-0.013
3.45,0.72124,-0.23635,0.11134,0.949,-0.314,-0.027,-0.013
3.5,0.72244,-0.23517,0.11282,0.949,-0.314,-0.027,-0.013
3.55,0.72364,-0.23402,0.11422,0.949,-0.314,-0.027,-0.013
3.6,0.72485,-0.23289,0.11551,0.949,-0.314,-0.027,-0.013
3.65,0.72606,-0.2318,0.11667,0.949,-0.314,-0.027,-0.013
3.7,0.72729,-0.23071,0.11766,0.949,-0.314,-0.027,-0.013
3.75,0.72852,-0.22963,0.11843,0.949,-0.314,-0.027,-0.013
3.8,0.72977,-0.22854,0.11897,0.949,-0.314,-0.027,-0.013
3.85,0.73103,-0.22742,0.11921,0.949,-0.314,-0.027,-0.013
3.9,0.7323,-0.22626,0.11914,0.949,-0.314,-0.027,-0.013
3.95,0.73358,-0.22504,0.11871,0.949,-0.314,-0.027,-0.013
4,0.73487,-0.22375,0.11791,0.949,-0.314,-0.027,-0.013
4.05,0.73617,-0.22236,0.11672,0.949,-0.314,-0.027,-0.013
4.1,0.73748,-0.22088,0.11514,0.949,-0.314,-0.027,-0.013
4.15,0.73879,-0.2193,0.11317,0.949,-0.314,-0.027,-0.013
4.2,0.74012,-0.2176,0.11083,0.949,-0.314,-0.027,-0.013
4.25,0.74146,-0.21578,0.10813,0.949,-0.314,-0.027,-0.013
4.3,0.7428,-0.21385,0.10511,0.949,-0.314,-0.027,-0.013
4.35,0.74415,-0.2118,0.10179,0.949,-0.314,-0.027,-0.013
4.4,0.74551,-0.20964,0.098215,0.949,-0.314,-0.027,-0.013
4.45,0.74689,-0.20737,0.094411,0.949,-0.314,-0.027,-0.013
4.5,0.74827,-0.205,0.090419,0.949,-0.314,-0.027,-0.013
4.55,0.74967,-0.20252,0.086279,0.949,-0.314,-0.027,-0.013
4.6,0.75109,-0.19995,0.082032,0.949,-0.314,-0.027,-0.013
4.65,0.75252,-0.19729,0.077719,0.949,-0.314,-0.027,-0.013
4.7,0.75397,-0.19455,0.073379,0.949,-0.314,-0.027,-0.013
4.75,0.75543,-0.19173,0.069053,0.949,-0.314,-0.027,-0.013
4.8,0.75693,-0.18885,0.064781,0.949,-0.314,-0.027,-0.013
4.85,0.75844,-0.18592,0.060602,0.949,-0.314,-0.027,-0.013
4.9,0.75998,-0.18293,0.056553,0.949,-0.314,-0.027,-0.013
4.95,0.76155,-0.1799,0.05267,0.949,-0.314,-0.027,-0.013
5,0.76316,-0.17684,0.048987,0.949,-0.314,-0.027,-0.013
