0.05,0.53675,0.14981,0.29924,0.949,-0.314,-0.027,-0.013
0.1,0.54136,0.14589,0.3004,0.949,-0.314,-0.027,-0.013
0.15,0.54599,0.14198,0.30151,0.949,-0.314,-0.027,-0.013
0.2,0.55062,0.13811,0.30252,0.949,-0.314,-0.027,-0.013
0.25,0.55528,0.13432,0.30341,0.949,-0.314,-0.027,-0.013
0.3,0.55996,0.13062,0.30409,0.949,-0.314,-0.027,-0.013
0.35,0.56467,0.12706,0.30451,0.949,-0.314,-0.027,-0.013
0.4,0.5694,0.12367,0.30459,0.949,-0.314,-0.027,-0.013
0.45,0.57414,0.12059,0.30422,0.949,-0.314,-0.027,-0.013
0.5,0.57879,0.11811,0.30329,0.949,-0.314,-0.027,-0.013
0.55,0.58324,0.11661,0.30166,0.949,-0.314,-0.027,-0.013
0.6,0.58745,0.11624,0.29923,0.949,-0.314,-0.027,-0.013
0.65,0.59161,0.11644,0.29603,0.949,-0.314,-0.027,-0.013
0.7,0.596,0.1163,0.29217,0.949,-0.314,-0.027,-0.013
0.75,0.60075,0.11526,0.28779,0.949,-0.314,-0.027,-0.013
0.8,0.60582,0.11336,0.28297,0.949,-0.314,-0.027,-0.013
0.85,0.61104,0.11099,0.27776,0.949,-0.314,-0.027,-0.013
0.9,0.61628,0.10843,0.27218,0.949,-0.314,-0.027,-0.013
0.95,0.6215,0.10582,0.26627,0.949,-0.314,-0.027,-0.013
1,0.62665,0.10319,0.26008,0.949,-0.314,-0.027,-0.013
1.05,0.63173,0.10053,0.25363,0.949,-0.314,-0.027,-0.013
1.1,0.63672,0.097867,0.247,0.949,-0.314,-0.027,-0.013
1.15,0.6416,0.095182,0.24021,0.949,-0.314,-0.027,-0.013
1.2,0.64637,0.092479,0.23332,0.949,-0.314,-0.027,-0.013
1.25,0.65101,0.089758,0.22638,0.949,-0.314,-0.027,-0.013
1.3,0.6555,0.087016,0.21943,0.949,-0.314,-0.027,-0.013
1.35,0.65984,0.084253,0.21252,0.949,-0.314,-0.027,-0.013
1.4,0.66402,0.081468,0.2057,0.949,-0.314,-0.027,-0.013
1.45,0.66803,0.078659,0.19901,0.949,-0.314,-0.027,-0.013
1.5,0.67187,0.075826,0.19249,0.949,-0.314,-0.027,-0.013
1.55,0.67552,0.072966,0.18618,0.949,-0.314,-0.027,-0.013
1.6,0.67898,0.070078,0.18012,0.949,-0.314,-0.027,-0.013
1.65,0.68227,0.067162,0.17434,0.949,-0.314,-0.027,-0.013
1.7,0.68537,0.064215,0.16887,0.949,-0.314,-0.027,-0.013
1.75,0.68829,0.061236,0.16372,0.949,-0.314,-0.027,-0.013
1.8,0.69104,0.058223,0.15892,0.949,-0.314,-0.027,-0.013
1.85,0.69363,0.055176,0.15446,0.949,-0.314,-0.027,-0.013
1.9,0.69607,0.052093,0.15036,0.949,-0.314,-0.027,-0.013
1.95,0.69836,0.048973,0.1466,0.949,-0.314,-0.027,-0.013
2,0.70052,0.045815,0.14318,0.949,-0.314,-0.027,-0.013
2.05,0.70256,0.042619,0.14009,0.949,-0.314,-0.027,-0.013
2.1,0.70449,0.039383,0.13732,0.949,-0.314,-0.027,-0.013
2.15,0.70631,0.036106,0.13486,0.949,-0.314,-0.027,-0.013
2.2,0.70803,0.032789,0.13268,0.949,-0.314,-0.027,-0.013
2.25,0.70967,0.029431,0.13078,0.949,-0.314,-0.027,-0.013
2.3,0.71122,0.026032,0.12914,0.949,-0.314,-0.027,-0.013
2.35,0.7127,0.02259,0.12775,0.949,-0.314,-0.027,-0.013
2.4,0.7141,0.019107,0.12659,0.949,-0.314,-0.027,-0.013
2.45,0.71543,0.015581,0.12564,0.949,-0.314,-0.027,-0.013
2.5,0.71671,0.012012,0.1249,0.949,-0.314,-0.027,-0.013
2.55,0.71792,0.0084,0.12435,0.949,-0.314,-0.027,-0.013
2.6,0.71908,0.0047448,0.12398,0.949,-0.314,-0.027,-0.013
2.65,0.72019,0.001046,0.12378,0.949,-0.314,-0.027,-0.013
2.7,0.72125,-0.0026966,0.12373,0.949,-0.314,-0.027,-0.013
2.75,0.72226,-0.0064833,0.12383,0.949,-0.314,-0.027,-0.013
2.8,0.72323,-0.010314,0.12405,0.949,-0.314,-0.027,-0.013
2.85,0.72416,-0.01419,0.1244,0.949,-0.314,-0.027,-0.013
2.9,0.72506,-0.01811,0.12485,0.949,-0.314,-0.027,-0.013
2.95,0.72593,-0.022075,0.12539,0.949,-0.314,-0.027,-0.013
3,0.72676,-0.026086,0.12602,0.949,-0.314,-0.027,-0.013
3.05,0.72757,-0.030141,0.12672,0.949,-0.314,-0.027,-0.013
3.1,0.72835,-0.034243,0.12748,0.949,-0.314,-0.027,-0.013
3.15,0.72912,-0.03839,0.12828,0.949,-0.314,-0.027,-0.013
3.2,0.72987,-0.042583,0.12912,0.949,-0.314,-0.027,-0.013
3.25,0.7306,-0.046821,0.12998,0.949,-0.314,-0.027,-0.013
3.3,0.73132,-0.051105,0.13085,0.949,-0.314,-0.027,-0.013
3.35,0.73204,-0.055434,0.13172,0.949,-0.314,-0.027,-0.013
3.4,0.73275,-0.059807,0.13256,0.949,-0.314,-0.027,-0.013
3.45,0.73346,-0.064221,0.13337,0.949,-0.314,-0.027,-0.013
3.5,0.73416,-0.068676,0.13411,0.949,-0.314,-0.027,-0.013
3.55,0.73487,-0.073166,0.13478,0.949,-0.314,-0.027,-0.013
3.6,0.73559,-0.077687,0.13534,0.949,-0.314,-0.027,-0.013
3.65,0.73631,-0.082231,0.13576,0.949,-0.314,-0.027,-0.013
3.7,0.73705,-0.08679,0.13601,0.949,-0.314,-0.027,-0.013
3.75,0.73779,-0.091351,0.13605,0.949,-0.314,-0.027,-0.013
3.8,0.73854,-0.095901,0.13585,0.949,-0.314,-0.027,-0.013
3.85,0.73931,-0.10042,0.13536,0.949,-0.314,-0.027,-0.013
3.9,0.74009,-0.1049,0.13455,0.949,-0.314,-0.027,-0.013
3.95,0.74087,-0.10933,0.13339,0.949,-0.314,-0.027,-0.013
4,0.74167,-0.11367,0.13185,0.949,-0.314,-0.027,-0.013
4.05,0.74248,-0.11793,0.12993,0.949,-0.314,-0.027,-0.013
4.1,0.7433,-0.12209,0.12761,0.949,-0.314,-0.027,-0.013
4.15,0.74412,-0.12615,0.12491,0.949,-0.314,-0.027,-0.013
4.2,0.74496,-0.13009,0.12183,0.949,-0.314,-0.027,-0.013
4.25,0.7458,-0.13392,0.1184,0.949,-0.314,-0.027,-0.013
4.3,0.74665,-0.13763,0.11464,0.949,-0.314,-0.027,-0.013
4.35,0.74751,-0.14122,0.11059,0.949,-0.314,-0.027,-0.013
4.4,0.74838,-0.1447,0.10628,0.949,-0.314,-0.027,-0.013
4.45,0.74926,-0.14808,0.10174,0.949,-0.314,-0.027,-0.013
4.5,0.75015,-0.15134,0.097013,0.949,-0.314,-0.027,-0.013
4.55,0.75106,-0.1545,0.092138,0.949,-0.314,-0.027,-0.013
4.6,0.75198,-0.15758,0.087156,0.949,-0.314,-0.027,-0.013
4.65,0.75292,-0.16056,0.082108,0.949,-0.314,-0.027,-0.013
4.7,0.75388,-0.16346,0.077033,0.949,-0.314,-0.027,-0.013
4.75,0.75485,-0.16629,0.071972,0.949,-0.314,-0.027,-0.013
4.8,0.75585,-0.16905,0.066965,0.949,-0.314,-0.027,-0.013
4.85,0.75687,-0.17175,0.062051,0.949,-0.314,-0.027,-0.013
4.9,0.75792,-0.17441,0.057267,0.949,-0.314,-0.027,-0.013
4.95,0.759,-0.17702,0.052649,0.949,-0.314,-0.027,-0.013
5,0.76011,-0.1796,0.048231,0.949,-0.314,-0.027,-0.013
