0.05,0.85601,0.15716,0.35857,0.949,-0.314,-0.027,-0.013
0.1,0.85744,0.15319,0.35914,0.949,-0.314,-0.027,-0.013
0.15,0.85888,0.14924,0.35965,0.949,-0.314,-0.027,-0.013
0.2,0.86034,0.14533,0.36007,0.949,-0.314,-0.027,-0.013
0.25,0.86181,0.14149,0.36036,0.949,-0.314,-0.027,-0.013
0.3,0.86331,0.13775,0.36046,0.949,-0.314,-0.027,-0.013
0.35,0.86483,0.13414,0.36029,0.949,-0.314,-0.027,-0.013
0.4,0.86638,0.13071,0.35977,0.949,-0.314,-0.027,-0.013
0.45,0.86793,0.12759,0.35881,0.949,-0.314,-0.027,-0.013
0.5,0.8694,0.12505,0.35729,0.949,-0.314,-0.027,-0.013
0.55,0.87067,0.12352,0.35507,0.949,-0.314,-0.027,-0.013
0.6,0.8717,0.1231,0.35205,0.949,-0.314,-0.027,-0.013
0.65,0.87268,0.12325,0.34825,0.949,-0.314,-0.027,-0.013
0.7,0.87388,0.12307,0.3438,0.949,-0.314,-0.027,-0.013
0.75,0.87546,0.12198,0.33883,0.949,-0.314,-0.027,-0.013
0.8,0.87734,0.12004,0.33342,0.949,-0.314,-0.027,-0.013
0.85,0.87937,0.11762,0.32762,0.949,-0.314,-0.027,-0.013
0.9,0.88144,0.11502,0.32145,0.949,-0.314,-0.027,-0.013
0.95,0.88347,0.11237,0.31495,0.949,-0.314,-0.027,-0.013
1,0.88544,0.10969,0.30816,0.949,-0.314,-0.027,-0.013
1.05,0.88733,0.10699,0.30112,0.949,-0.314,-0.027,-0.013
1.1,0.88914,0.10428,0.2939,0.949,-0.314,-0.027,-0.013
1.15,0.89084,0.10155,0.28652,0.949,-0.314,-0.027,-0.013
1.2,0.89242,0.098803,0.27904,0.949,-0.314,-0.027,-0.013
1.25,0.89387,0.096036,0.2715,0.949,-0.314,-0.027,-0.013
1.3,0.89519,0.09325,0.26396,0.949,-0.314,-0.027,-0.013
1.35,0.89635,0.090442,0.25646,0.949,-0.314,-0.027,-0.013
1.4,0.89734,0.087612,0.24905,0.949,-0.314,-0.027,-0.013
1.45,0.89817,0.084759,0.24176,0.949,-0.314,-0.027,-0.013
1.5,0.89882,0.08188,0.23465,0.949,-0.314,-0.027,-0.013
1.55,0.89929,0.078976,0.22775,0.949,-0.314,-0.027,-0.013
1.6,0.89957,0.076044,0.2211,0.949,-0.314,-0.027,-0.013
1.65,0.89967,0.073082,0.21473,0.949,-0.314,-0.027,-0.013
1.7,0.89959,0.07009,0.20867,0.949,-0.314,-0.027,-0.013
1.75,0.89933,0.067066,0.20293,0.949,-0.314,-0.027,-0.013
1.8,0.8989,0.064009,0.19753,0.949,-0.314,-0.027,-0.013
1.85,0.8983,0.060917,0.19248,0.949,-0.314,-0.027,-0.013
1.9,0.89756,0.057789,0.18778,0.949,-0.314,-0.027,-0.013
1.95,0.89667,0.054624,0.18343,0.949,-0.314,-0.027,-0.013
2,0.89564,0.051422,0.17942,0.949,-0.314,-0.027,-0.013
2.05,0.8945,0.04818,0.17574,0.949,-0.314,-0.027,-0.013
2.1,0.89324,0.044899,0.17238,0.949,-0.314,-0.027,-0.013
2.15,0.89188,0.041578,0.16933,0.949,-0.314,-0.027,-0.013
2.2,0.89042,0.038216,0.16656,0.949,-0.314,-0.027,-0.013
2.25,0.88887,0.034812,0.16407,0.949,-0.314,-0.027,-0.013
2.3,0.88724,0.031368,0.16184,0.949,-0.314,-0.027,-0.013
2.35,0.88553,0.027881,0.15985,0.949,-0.314,-0.027,-0.013
2.4,0.88375,0.024352,0.15809,0.949,-0.314,-0.027,-0.013
2.45,0.8819,0.020781,0.15656,0.949,-0.314,-0.027,-0.013
2.5,0.87999,0.017167,0.15523,0.949,-0.314,-0.027,-0.013
2.55,0.87802,0.01351,0.15409,0.949,-0.314,-0.027,-0.013
2.6,0.876,0.0098091,0.15312,0.949,-0.314,-0.027,-0.013
2.65,0.87392,0.0060649,0.15233,0.949,-0.314,-0.027,-0.013
2.7,0.87179,0.0022769,0.15169,0.949,-0.314,-0.027,-0.013
2.75,0.86962,-0.0015552,0.15119,0.949,-0.314,-0.027,-0.013
2.8,0.86741,-0.0054316,0.15083,0.949,-0.314,-0.027,-0.013
2.85,0.86516,-0.0093527,0.15058,0.949,-0.314,-0.027,-0.013
2.9,0.86287,-0.013318,0.15044,0.949,-0.314,-0.027,-0.013
2.95,0.86055,-0.017329,0.15039,0.949,-0.314,-0.027,-0.013
3,0.8582,-0.021385,0.15042,0.949,-0.314,-0.027,-0.013
3.05,0.85583,-0.025487,0.15053,0.949,-0.314,-0.027,-0.013
3.1,0.85343,-0.029634,0.1507,0.949,-0.314,-0.027,-0.013
3.15,0.85101,-0.033827,0.15091,0.949,-0.314,-0.027,-0.013
3.2,0.84858,-0.038066,0.15116,0.949,-0.314,-0.027,-0.013
3.25,0.84612,-0.04235,0.15143,0.949,-0.314,-0.027,-0.013
3.3,0.84366,-0.04668,0.15171,0.949,-0.314,-0.027,-0.013
3.35,0.84119,-0.051054,0.15198,0.949,-0.314,-0.027,-0.013
3.4,0.83872,-0.055473,0.15223,0.949,-0.314,-0.027,-0.013
3.45,0.83624,-0.059933,0.15244,0.949,-0.314,-0.027,-0.013
3.5,0.83376,-0.064434,0.15259,0.949,-0.314,-0.027,-0.013
3.55,0.83129,-0.06897,0.15267,0.949,-0.314,-0.027,-0.013
3.6,0.82882,-0.073537,0.15263,0.949,-0.314,-0.027,-0.013
3.65,0.82636,-0.078127,0.15246,0.949,-0.314,-0.027,-0.013
3.7,0.82391,-0.082732,0.15212,0.949,-0.314,-0.027,-0.013
3.75,0.82147,-0.087339,0.15157,0.949,-0.314,-0.027,-0.013
3.8,0.81904,-0.091935,0.15078,0.949,-0.314,-0.027,-0.013
3.85,0.81662,-0.096504,0.1497,0.949,-0.314,-0.027,-0.013
3.9,0.81421,-0.10103,0.14829,0.949,-0.314,-0.027,-0.013
3.95,0.81181,-0.1055,0.14654,0.949,-0.314,-0.027,-0.013
4,0.80943,-0.10989,0.14441,0.949,-0.314,-0.027,-0.013
4.05,0.80705,-0.1142,0.14189,0.949,-0.314,-0.027,-0.013
4.1,0.80468,-0.11841,0.13898,0.949,-0.314,-0.027,-0.013
4.15,0.80232,-0.12251,0.13569,0.949,-0.314,-0.027,-0.013
4.2,0.79997,-0.1265,0.13202,0.949,-0.314,-0.027,-0.013
4.25,0.79763,-0.13037,0.128,0.949,-0.314,-0.027,-0.013
4.3,0.7953,-0.13413,0.12365,0.949,-0.314,-0.027,-0.013
4.35,0.79297,-0.13777,0.119,0.949,-0.314,-0.027,-0.013
4.4,0.79066,-0.14129,0.1141,0.949,-0.314,-0.027,-0.013
4.45,0.78835,-0.14471,0.10897,0.949,-0.314,-0.027,-0.013
4.5,0.78606,-0.14802,0.10365,0.949,-0.314,-0.027,-0.013
4.55,0.78378,-0.15123,0.098181,0.949,-0.314,-0.027,-0.013
4.6,0.78152,-0.15435,0.092607,0.949,-0.314,-0.027,-0.013
4.65,0.77927,-0.15738,0.086966,0.949,-0.314,-0.027,-0.013
4.7,0.77705,-0.16032,0.081299,0.949,-0.314,-0.027,-0.013
4.75,0.77484,-0.1632,0.075645,0.949,-0.314,-0.027,-0.013
4.8,0.77265,-0.16601,0.070046,0.949,-0.314,-0.027,-0.013
4.85,0.77049,-0.16876,0.06454,0.949,-0.314,-0.027,-0.013
4.9,0.76836,-0.17146,0.059163,0.949,-0.314,-0.027,-0.013
4.95,0.76625,-0.17412,0.053953,0.949,-0.314,-0.027,-0.013
5,0.76418,-0.17674,0.048943,0.949,-0.314,-0.027,-0.013
