0.05,0.52769,-0.11312,0.46639,0.949,-0.314,-0.027,-0.013
0.1,0.53242,-0.11437,0.46587,0.949,-0.314,-0.027,-0.013
0.15,0.53716,-0.1156,0.4653,0.949,-0.314,-0.027,-0.013
0.2,0.54191,-0.11679,0.46463,0.949,-0.314,-0.027,-0.013
0.25,0.54668,-0.1179,0.46384,0.949,-0.314,-0.027,-0.013
0.3,0.55147,-0.11892,0.46284,0.949,-0.314,-0.027,-0.013
0.35,0.55629,-0.11981,0.46158,0.949,-0.314,-0.027,-0.013
0.4,0.56114,-0.12051,0.45998,0.949,-0.314,-0.027,-0.013
0.45,0.56599,-0.12091,0.45793,0.949,-0.314,-0.027,-0.013
0.5,0.57075,-0.12072,0.45532,0.949,-0.314,-0.027,-0.013
0.55,0.57532,-0.11954,0.45202,0.949,-0.314,-0.027,-0.013
0.6,0.57965,-0.11724,0.44791,0.949,-0.314,-0.027,-0.013
0.65,0.58392,-0.11436,0.44302,0.949,-0.314,-0.027,-0.013
0.7,0.58842,-0.11182,0.43748,0.949,-0.314,-0.027,-0.013
0.75,0.59329,-0.11019,0.43143,0.949,-0.314,-0.027,-0.013
0.8,0.59847,-0.10941,0.42493,0.949,-0.314,-0.027,-0.013
0.85,0.6038,-0.1091,0.41804,0.949,-0.314,-0.027,-0.013
0.9,0.60916,-0.10898,0.41079,0.949,-0.314,-0.027,-0.013
0.95,0.61449,-0.10891,0.4032,0.949,-0.314,-0.027,-0.013
1,0.61976,-0.10887,0.39532,0.949,-0.314,-0.027,-0.013
1.05,0.62495,-0.10884,0.3872,0.949,-0.314,-0.027,-0.013
1.1,0.63005,-0.10883,0.37888,0.949,-0.314,-0.027,-0.013
1.15,0.63505,-0.10884,0.37042,0.949,-0.314,-0.027,-0.013
1.2,0.63993,-0.10886,0.36185,0.949,-0.314,-0.027,-0.013
1.25,0.64468,-0.1089,0.35323,0.949,-0.314,-0.027,-0.013
1.3,0.64929,-0.10897,0.3446,0.949,-0.314,-0.027,-0.013
1.35,0.65375,-0.10905,0.33601,0.949,-0.314,-0.027,-0.013
1.4,0.65804,-0.10916,0.32751,0.949,-0.314,-0.027,-0.013
1.45,0.66217,-0.10929,0.31914,0.949,-0.314,-0.027,-0.013
1.5,0.66611,-0.10945,0.31094,0.949,-0.314,-0.027,-0.013
1.55,0.66988,-0.10963,0.30295,0.949,-0.314,-0.027,-0.013
1.6,0.67346,-0.10984,0.29521,0.949,-0.314,-0.027,-0.013
1.65,0.67686,-0.11008,0.28775,0.949,-0.314,-0.027,-0.013
1.7,0.68007,-0.11034,0.2806,0.949,-0.314,-0.027,-0.013
1.75,0.68311,-0.11065,0.27378,0.949,-0.314,-0.027,-0.013
1.8,0.68597,-0.11098,0.26729,0.949,-0.314,-0.027,-0.013
1.85,0.68868,-0.11135,0.26115,0.949,-0.314,-0.027,-0.013
1.9,0.69123,-0.11175,0.25537,0.949,-0.314,-0.027,-0.013
1.95,0.69364,-0.1122,0.24993,0.949,-0.314,-0.027,-0.013
2,0.69591,-0.11268,0.24483,0.949,-0.314,-0.027,-0.013
2.05,0.69806,-0.11319,0.24006,0.949,-0.314,-0.027,-0.013
2.1,0.7001,-0.11375,0.23562,0.949,-0.314,-0.027,-0.013
2.15,0.70204,-0.11435,0.23147,0.949,-0.314,-0.027,-0.013
2.2,0.70388,-0.11499,0.22761,0.949,-0.314,-0.027,-0.013
2.25,0.70563,-0.11567,0.22403,0.949,-0.314,-0.027,-0.013
2.3,0.70729,-0.11639,0.22071,0.949,-0.314,-0.027,-0.013
2.35,0.70888,-0.11715,0.21764,0.949,-0.314,-0.027,-0.013
2.4,0.7104,-0.11796,0.2148,0.949,-0.314,-0.027,-0.013
2.45,0.71185,-0.11881,0.21217,0.949,-0.314,-0.027,-0.013
2.5,0.71324,-0.1197,0.20975,0.949,-0.314,-0.027,-0.013
2.55,0.71457,-0.12063,0.20752,0.949,-0.314,-0.027,-0.013
2.6,0.71584,-0.12161,0.20547,0.949,-0.314,-0.027,-0.013
2.65,0.71706,-0.12263,0.20359,0.949,-0.314,-0.027,-0.013
2.7,0.71824,-0.12369,0.20186,0.949,-0.314,-0.027,-0.013
2.75,0.71936,-0.1248,0.20027,0.949,-0.314,-0.027,-0.013
2.8,0.72045,-0.12595,0.19882,0.949,-0.314,-0.027,-0.013
2.85,0.7215,-0.12715,0.19748,0.949,-0.314,-0.027,-0.013
2.9,0.72251,-0.12839,0.19625,0.949,-0.314,-0.027,-0.013
2.95,0.72349,-0.12968,0.19511,0.949,-0.314,-0.027,-0.013
3,0.72444,-0.13101,0.19406,0.949,-0.314,-0.027,-0.013
3.05,0.72536,-0.13239,0.19308,0.949,-0.314,-0.027,-0.013
3.1,0.72626,-0.13381,0.19215,0.949,-0.314,-0.027,-0.013
3.15,0.72714,-0.13528,0.19128,0.949,-0.314,-0.027,-0.013
3.2,0.728,-0.1368,0.19044,0.949,-0.314,-0.027,-0.013
3.25,0.72885,-0.13836,0.18962,0.949,-0.314,-0.027,-0.013
3.3,0.72969,-0.13996,0.18881,0.949,-0.314,-0.027,-0.013
3.35,0.73052,-0.14161,0.18799,0.949,-0.314,-0.027,-0.013
3.4,0.73134,-0.1433,0.18715,0.949,-0.314,-0.027,-0.013
3.45,0.73216,-0.14504,0.18627,0.949,-0.314,-0.027,-0.013
3.5,0.73299,-0.14682,0.18534,0.949,-0.314,-0.027,-0.013
3.55,0.73381,-0.14863,0.18432,0.949,-0.314,-0.027,-0.013
3.6,0.73464,-0.15047,0.1832,0.949,-0.314,-0.027,-0.013
3.65,0.73548,-0.15234,0.18194,0.949,-0.314,-0.027,-0.013
3.7,0.73633,-0.15422,0.18051,0.949,-0.314,-0.027,-0.013
3.75,0.73719,-0.1561,0.17887,0.949,-0.314,-0.027,-0.013
3.8,0.73805,-0.15797,0.17698,0.949,-0.314,-0.027,-0.013
3.85,0.73894,-0.15981,0.17481,0.949,-0.314,-0.027,-0.013
3.9,0.73983,-0.16162,0.17232,0.949,-0.314,-0.027,-0.013
3.95,0.74073,-0.16336,0.16947,0.949,-0.314,-0.027,-0.013
4,0.74164,-0.16503,0.16626,0.949,-0.314,-0.027,-0.013
4.05,0.74257,-0.16661,0.16265,0.949,-0.314,-0.027,-0.013
4.1,0.7435,-0.16809,0.15865,0.949,-0.314,-0.027,-0.013
4.15,0.74444,-0.16947,0.15426,0.949,-0.314,-0.027,-0.013
4.2,0.74539,-0.17073,0.1495,0.949,-0.314,-0.027,-0.013
4.25,0.74634,-0.17188,0.14439,0.949,-0.314,-0.027,-0.013
4.3,0.74731,-0.17291,0.13896,0.949,-0.314,-0.027,-0.013
4.35,0.74828,-0.17383,0.13322,0.949,-0.314,-0.027,-0.013
4.4,0.74927,-0.17463,0.12723,0.949,-0.314,-0.027,-0.013
4.45,0.75026,-0.17532,0.121,0.949,-0.314,-0.027,-0.013
4.5,0.75127,-0.17591,0.1146,0.949,-0.314,-0.027,-0.013
4.55,0.75229,-0.1764,0.10804,0.949,-0.314,-0.027,-0.013
4.6,0.75333,-0.17679,0.10137,0.949,-0.314,-0.027,-0.013
4.65,0.75438,-0.17709,0.094643,0.949,-0.314,-0.027,-0.013
4.7,0.75546,-0.17731,0.087886,0.949,-0.314,-0.027,-0.013
4.75,0.75655,-0.17746,0.081143,0.949,-0.314,-0.027,-0.013
4.8,0.75766,-0.17755,0.074454,0.949,-0.314,-0.027,-0.013
4.85,0.7588,-0.17757,0.067857,0.949,-0.314,-0.027,-0.013
4.9,0.75996,-0.17755,0.061391,0.949,-0.314,-0.027,-0.013
4.95,0.76116,-0.17748,0.055091,0.949,-0.314,-0.027,-0.013
5,0.76238,-0.17738,0.048991,0.949,-0.314,-0.027,-0.013
