0.05,0.50258,-0.09296,0.32583,0.949,-0.314,-0.027,-0.013
0.1,0.50751,-0.094472,0.32671,0.949,-0.314,-0.027,-0.013
0.15,0.51245,-0.095968,0.32754,0.949,-0.314,-0.027,-0.013
0.2,0.5174,-0.097421,0.32829,0.949,-0.314,-0.027,-0.013
0.25,0.52238,-0.098802,0.32889,0.949,-0.314,-0.027,-0.013
0.3,0.52737,-0.10008,0.32931,0.949,-0.314,-0.027,-0.013
0.35,0.5324,-0.10124,0.32945,0.949,-0.314,-0.027,-0.013
0.4,0.53745,-0.10221,0.32925,0.949,-0.314,-0.027,-0.013
0.45,0.5425,-0.10287,0.32861,0.949,-0.314,-0.027,-0.013
0.5,0.54747,-0.10295,0.32741,0.949,-0.314,-0.027,-0.013
0.55,0.55224,-0.10203,0.32551,0.949,-0.314,-0.027,-0.013
0.6,0.55678,-0.09999,0.3228,0.949,-0.314,-0.027,-0.013
0.65,0.56125,-0.097375,0.31932,0.949,-0.314,-0.027,-0.013
0.7,0.56595,-0.095098,0.31519,0.949,-0.314,-0.027,-0.013
0.75,0.57103,-0.093734,0.31054,0.949,-0.314,-0.027,-0.013
0.8,0.57641,-0.093217,0.30545,0.949,-0.314,-0.027,-0.013
0.85,0.58195,-0.093176,0.29997,0.949,-0.314,-0.027,-0.013
0.9,0.58751,-0.093317,0.29411,0.949,-0.314,-0.027,-0.013
0.95,0.59304,-0.093517,0.28793,0.949,-0.314,-0.027,-0.013
1,0.59851,-0.093738,0.28146,0.949,-0.314,-0.027,-0.013
1.05,0.60391,-0.093977,0.27474,0.949,-0.314,-0.027,-0.013
1.1,0.60921,-0.094231,0.26783,0.949,-0.314,-0.027,-0.013
1.15,0.61442,-0.094503,0.26077,0.949,-0.314,-0.027,-0.013
1.2,0.6195,-0.094792,0.25361,0.949,-0.314,-0.027,-0.013
1.25,0.62445,-0.095101,0.24639,0.949,-0.314,-0.027,-0.013
1.3,0.62927,-0.09543,0.23917,0.949,-0.314,-0.027,-0.013
1.35,0.63393,-0.09578,0.23199,0.949,-0.314,-0.027,-0.013
1.4,0.63843,-0.096152,0.22489,0.949,-0.314,-0.027,-0.013
1.45,0.64275,-0.096547,0.21792,0.949,-0.314,-0.027,-0.013
1.5,0.6469,-0.096968,0.21113,0.949,-0.314,-0.027,-0.013
1.55,0.65087,-0.097415,0.20455,0.949,-0.314,-0.027,-0.013
1.6,0.65466,-0.097889,0.19822,0.949,-0.314,-0.027,-0.013
1.65,0.65826,-0.098393,0.19216,0.949,-0.314,-0.027,-0.013
1.7,0.66167,-0.098927,0.18642,0.949,-0.314,-0.027,-0.013
1.75,0.66492,-0.099493,0.181,0.949,-0.314,-0.027,-0.013
1.8,0.66799,-0.10009,0.17592,0.949,-0.314,-0.027,-0.013
1.85,0.67089,-0.10073,0.17119,0.949,-0.314,-0.027,-0.013
1.9,0.67365,-0.1014,0.16681,0.949,-0.314,-0.027,-0.013
1.95,0.67626,-0.1021,0.16278,0.949,-0.314,-0.027,-0.013
2,0.67874,-0.10285,0.15908,0.949,-0.314,-0.027,-0.013
2.05,0.68109,-0.10363,0.15572,0.949,-0.314,-0.027,-0.013
2.1,0.68334,-0.10445,0.15268,0.949,-0.314,-0.027,-0.013
2.15,0.68547,-0.10532,0.14994,0.949,-0.314,-0.027,-0.013
2.2,0.68752,-0.10622,0.14749,0.949,-0.314,-0.027,-0.013
2.25,0.68947,-0.10717,0.14532,0.949,-0.314,-0.027,-0.013
2.3,0.69134,-0.10815,0.14341,0.949,-0.314,-0.027,-0.013
2.35,0.69313,-0.10918,0.14174,0.949,-0.314,-0.027,-0.013
2.4,0.69485,-0.11025,0.1403,0.949,-0.314,-0.027,-0.013
2.45,0.69651,-0.11136,0.13908,0.949,-0.314,-0.027,-0.013
2.5,0.6981,-0.11252,0.13807,0.949,-0.314,-0.027,-0.013
2.55,0.69963,-0.11372,0.13725,0.949,-0.314,-0.027,-0.013
2.6,0.7011,-0.11496,0.1366,0.949,-0.314,-0.027,-0.013
2.65,0.70253,-0.11625,0.13613,0.949,-0.314,-0.027,-0.013
2.7,0.7039,-0.11758,0.13581,0.949,-0.314,-0.027,-0.013
2.75,0.70524,-0.11895,0.13563,0.949,-0.314,-0.027,-0.013
2.8,0.70652,-0.12037,0.13558,0.949,-0.314,-0.027,-0.013
2.85,0.70778,-0.12183,0.13565,0.949,-0.314,-0.027,-0.013
2.9,0.70899,-0.12334,0.13582,0.949,-0.314,-0.027,-0.013
2.95,0.71017,-0.12489,0.1361,0.949,-0.314,-0.027,-0.013
3,0.71132,-0.12648,0.13645,0.949,-0.314,-0.027,-0.013
3.05,0.71245,-0.12813,0.13688,0.949,-0.314,-0.027,-0.013
3.1,0.71355,-0.12982,0.13736,0.949,-0.314,-0.027,-0.013
3.15,0.71464,-0.13155,0.13789,0.949,-0.314,-0.027,-0.013
3.2,0.7157,-0.13333,0.13846,0.949,-0.314,-0.027,-0.013
3.25,0.71675,-0.13515,0.13905,0.949,-0.314,-0.027,-0.013
3.3,0.71779,-0.13702,0.13964,0.949,-0.314,-0.027,-0.013
3.35,0.71883,-0.13894,0.14023,0.949,-0.314,-0.027,-0.013
3.4,0.71985,-0.1409,0.1408,0.949,-0.314,-0.027,-0.013
3.45,0.72088,-0.1429,0.14133,0.949,-0.314,-0.027,-0.013
3.5,0.7219,-0.14494,0.1418,0.949,-0.314,-0.027,-0.013
3.55,0.72293,-0.14702,0.1422,0.949,-0.314,-0.027,-0.013
3.6,0.72396,-0.14913,0.14248,0.949,-0.314,-0.027,-0.013
3.65,0.72501,-0.15126,0.14263,0.949,-0.314,-0.027,-0.013
3.7,0.72606,-0.1534,0.14261,0.949,-0.314,-0.027,-0.013
3.75,0.72712,-0.15555,0.14238,0.949,-0.314,-0.027,-0.013
3.8,0.72819,-0.15769,0.1419,0.949,-0.314,-0.027,-0.013
3.85,0.72927,-0.1598,0.14114,0.949,-0.314,-0.027,-0.013
3.9,0.73037,-0.16186,0.14005,0.949,-0.314,-0.027,-0.013
3.95,0.73147,-0.16387,0.13862,0.949,-0.314,-0.027,-0.013
4,0.73259,-0.1658,0.13681,0.949,-0.314,-0.027,-0.013
4.05,0.73371,-0.16765,0.13461,0.949,-0.314,-0.027,-0.013
4.1,0.73485,-0.1694,0.13202,0.949,-0.314,-0.027,-0.013
4.15,0.73599,-0.17104,0.12904,0.949,-0.314,-0.027,-0.013
4.2,0.73714,-0.17257,0.12569,0.949,-0.314,-0.027,-0.013
4.25,0.7383,-0.17398,0.12199,0.949,-0.314,-0.027,-0.013
4.3,0.73947,-0.17528,0.11796,0.949,-0.314,-0.027,-0.013
4.35,0.74065,-0.17646,0.11363,0.949,-0.314,-0.027,-0.013
4.4,0.74183,-0.17753,0.10904,0.949,-0.314,-0.027,-0.013
4.45,0.74303,-0.17849,0.10423,0.949,-0.314,-0.027,-0.013
4.5,0.74424,-0.17934,0.09923,0.949,-0.314,-0.027,-0.013
4.55,0.74547,-0.18009,0.094082,0.949,-0.314,-0.027,-0.013
4.6,0.74671,-0.18075,0.088826,0.949,-0.314,-0.027,-0.013
4.65,0.74796,-0.18131,0.083503,0.949,-0.314,-0.027,-0.013
4.7,0.74924,-0.1818,0.078155,0.949,-0.314,-0.027,-0.013
4.75,0.75053,-0.18222,0.07282,0.949,-0.314,-0.027,-0.013
4.8,0.75185,-0.18257,0.067539,0.949,-0.314,-0.027,-0.013
4.85,0.75319,-0.18286,0.062351,0.949,-0.314,-0.027,-0.013
4.9,0.75456,-0.1831,0.057294,0.949,-0.314,-0.027,-0.013
4.95,0.75595,-0.1833,0.052402,0.949,-0.314,-0.027,-0.013
5,0.75738,-0.18346,0.047711,0.949,-0.314,-0.027,-0.013
