0.05,0.74226,-0.43632,0.4333,0.949,-0.314,-0.027,-0.013
0.1,0.7448,-0.43432,0.43311,0.949,-0.314,-0.027,-0.013
0.15,0.74736,-0.43229,0.43286,0.949,-0.314,-0.027,-0.013
0.2,0.74993,-0.43022,0.43252,0.949,-0.314,-0.027,-0.013
0.25,0.75252,-0.42809,0.43205,0.949,-0.314,-0.027,-0.013
0.3,0.75513,-0.42585,0.43139,0.949,-0.314,-0.027,-0.013
0.35,0.75777,-0.42348,0.43045,0.949,-0.314,-0.027,-0.013
0.4,0.76044,-0.42093,0.42918,0.949,-0.314,-0.027,-0.013
0.45,0.76311,-0.41807,0.42746,0.949,-0.314,-0.027,-0.013
0.5,0.76569,-0.41463,0.42518,0.949,-0.314,-0.027,-0.013
0.55,0.76808,-0.41019,0.42219,0.949,-0.314,-0.027,-0.013
0.6,0.77023,-0.40463,0.41841,0.949,-0.314,-0.027,-0.013
0.65,0.77232,-0.3985,0.41386,0.949,-0.314,-0.027,-0.013
0.7,0.77463,-0.3927,0.40864,0.949,-0.314,-0.027,-0.013
0.75,0.77732,-0.38781,0.40291,0.949,-0.314,-0.027,-0.013
0.8,0.78032,-0.38378,0.39675,0.949,-0.314,-0.027,-0.013
0.85,0.78347,-0.38021,0.39019,0.949,-0.314,-0.027,-0.013
0.9,0.78665,-0.37684,0.38325,0.949,-0.314,-0.027,-0.013
0.95,0.7898,-0.37351,0.37599,0.949,-0.314,-0.027,-0.013
1,0.79288,-0.37022,0.36844,0.949,-0.314,-0.027,-0.013
1.05,0.7959,-0.36693,0.36065,0.949,-0.314,-0.027,-0.013
1.1,0.79882,-0.36367,0.35266,0.949,-0.314,-0.027,-0.013
1.15,0.80163,-0.36042,0.34452,0.949,-0.314,-0.027,-0.013
1.2,0.80433,-0.35719,0.33628,0.949,-0.314,-0.027,-0.013
1.25,0.8069,-0.35398,0.32799,0.949,-0.314,-0.027,-0.013
1.3,0.80933,-0.35078,0.31969,0.949,-0.314,-0.027,-0.013
1.35,0.81161,-0.34761,0.31143,0.949,-0.314,-0.027,-0.013
1.4,0.81372,-0.34447,0.30325,0.949,-0.314,-0.027,-0.013
1.45,0.81566,-0.34134,0.2952,0.949,-0.314,-0.027,-0.013
1.5,0.81743,-0.33824,0.28733,0.949,-0.314,-0.027,-0.013
1.55,0.81901,-0.33517,0.27967,0.949,-0.314,-0.027,-0.013
1.6,0.82041,-0.33212,0.27226,0.949,-0.314,-0.027,-0.013
1.65,0.82163,-0.3291,0.26513,0.949,-0.314,-0.027,-0.013
1.7,0.82266,-0.32612,0.25831,0.949,-0.314,-0.027,-0.013
1.75,0.82351,-0.32316,0.25181,0.949,-0.314,-0.027,-0.013
1.8,0.8242,-0.32024,0.24565,0.949,-0.314,-0.027,-0.013
1.85,0.82472,-0.31735,0.23984,0.949,-0.314,-0.027,-0.013
1.9,0.82509,-0.3145,0.23438,0.949,-0.314,-0.027,-0.013
1.95,0.82532,-0.31169,0.22927,0.949,-0.314,-0.027,-0.013
2,0.82541,-0.30891,0.2245,0.949,-0.314,-0.027,-0.013
2.05,0.82538,-0.30618,0.22006,0.949,-0.314,-0.027,-0.013
2.1,0.82524,-0.30348,0.21594,0.949,-0.314,-0.027,-0.013
2.15,0.82499,-0.30082,0.21212,0.949,-0.314,-0.027,-0.013
2.2,0.82465,-0.2982,0.2086,0.949,-0.314,-0.027,-0.013
2.25,0.82422,-0.29563,0.20534,0.949,-0.314,-0.027,-0.013
2.3,0.8237,-0.29309,0.20235,0.949,-0.314,-0.027,-0.013
2.35,0.82311,-0.2906,0.1996,0.949,-0.314,-0.027,-0.013
2.4,0.82244,-0.28815,0.19709,0.949,-0.314,-0.027,-0.013
2.45,0.82171,-0.28574,0.19479,0.949,-0.314,-0.027,-0.013
2.5,0.82092,-0.28338,0.1927,0.949,-0.314,-0.027,-0.013
2.55,0.82006,-0.28105,0.1908,0.949,-0.314,-0.027,-0.013
2.6,0.81915,-0.27878,0.18908,0.949,-0.314,-0.027,-0.013
2.65,0.81819,-0.27654,0.18752,0.949,-0.314,-0.027,-0.013
2.7,0.81718,-0.27435,0.18612,0.949,-0.314,-0.027,-0.013
2.75,0.81613,-0.2722,0.18487,0.949,-0.314,-0.027,-0.013
2.8,0.81503,-0.2701,0.18374,0.949,-0.314,-0.027,-0.013
2.85,0.8139,-0.26804,0.18273,0.949,-0.314,-0.027,-0.013
2.9,0.81273,-0.26602,0.18183,0.949,-0.314,-0.027,-0.013
2.95,0.81152,-0.26405,0.18102,0.949,-0.314,-0.027,-0.013
3,0.81029,-0.26213,0.1803,0.949,-0.314,-0.027,-0.013
3.05,0.80903,-0.26025,0.17964,0.949,-0.314,-0.027,-0.013
3.1,0.80775,-0.25842,0.17905,0.949,-0.314,-0.027,-0.013
3.15,0.80645,-0.25663,0.1785,0.949,-0.314,-0.027,-0.013
3.2,0.80513,-0.25489,0.17799,0.949,-0.314,-0.027,-0.013
3.25,0.80379,-0.25319,0.1775,0.949,-0.314,-0.027,-0.013
3.3,0.80245,-0.25154,0.17701,0.949,-0.314,-0.027,-0.013
3.35,0.80109,-0.24993,0.17653,0.949,-0.314,-0.027,-0.013
3.4,0.79973,-0.24837,0.17602,0.949,-0.314,-0.027,-0.013
3.45,0.79837,-0.24685,0.17547,0.949,-0.314,-0.027,-0.013
3.5,0.79701,-0.24537,0.17486,0.949,-0.314,-0.027,-0.013
3.55,0.79565,-0.24393,0.17417,0.949,-0.314,-0.027,-0.013
3.6,0.7943,-0.24251,0.17338,0.949,-0.314,-0.027,-0.013
3.65,0.79296,-0.24112,0.17245,0.949,-0.314,-0.027,-0.013
3.7,0.79162,-0.23974,0.17135,0.949,-0.314,-0.027,-0.013
3.75,0.7903,-0.23837,0.17004,0.949,-0.314,-0.027,-0.013
3.8,0.78898,-0.23699,0.16848,0.949,-0.314,-0.027,-0.013
3.85,0.78768,-0.23557,0.16664,0.949,-0.314,-0.027,-0.013
3.9,0.78639,-0.23412,0.16448,0.949,-0.314,-0.027,-0.013
3.95,0.78511,-0.23261,0.16197,0.949,-0.314,-0.027,-0.013
4,0.78384,-0.23102,0.15908,0.949,-0.314,-0.027,-0.013
4.05,0.78258,-0.22934,0.1558,0.949,-0.314,-0.027,-0.013
4.1,0.78132,-0.22757,0.15213,0.949,-0.314,-0.027,-0.013
4.15,0.78008,-0.22569,0.14807,0.949,-0.314,-0.027,-0.013
4.2,0.77885,-0.2237,0.14364,0.949,-0.314,-0.027,-0.013
4.25,0.77762,-0.22159,0.13886,0.949,-0.314,-0.027,-0.013
4.3,0.7764,-0.21936,0.13375,0.949,-0.314,-0.027,-0.013
4.35,0.77519,-0.21702,0.12835,0.949,-0.314,-0.027,-0.013
4.4,0.774,-0.21457,0.12268,0.949,-0.314,-0.027,-0.013
4.45,0.77281,-0.212,0.11679,0.949,-0.314,-0.027,-0.013
4.5,0.77163,-0.20933,0.11071,0.949,-0.314,-0.027,-0.013
4.55,0.77047,-0.20656,0.10448,0.949,-0.314,-0.027,-0.013
4.6,0.76932,-0.2037,0.09815,0.949,-0.314,-0.027,-0.013
4.65,0.76819,-0.20075,0.091749,0.949,-0.314,-0.027,-0.013
4.7,0.76708,-0.19771,0.085322,0.949,-0.314,-0.027,-0.013
4.75,0.76599,-0.19461,0.078908,0.949,-0.314,-0.027,-0.013
4.8,0.76492,-0.19143,0.072549,0.949,-0.314,-0.027,-0.013
4.85,0.76388,-0.1882,0.066282,0.949,-0.314,-0.027,-0.013
4.9,0.76286,-0.18492,0.060146,0.949,-0.314,-0.027,-0.013
4.95,0.76187,-0.1816,0.054176,0.949,-0.314,-0.027,-0.013
5,0.76091,-0.17824,0.048405,0.949,-0.314,-0.027,-0.013
