0.05,0.56666,-0.06039,0.47246,0.746,-0.666,-0.012,0.004
0.1,0.42779,0.13649,0.33171,0.746,-0.666,-0.012,0.004
0.15,0.42957,0.13809,0.32837,0.746,-0.666,-0.012,0.004
0.2,0.43135,0.1397,0.325,0.746,-0.666,-0.012,0.004
0.25,0.43313,0.14134,0.32162,0.746,-0.666,-0.012,0.004
0.3,0.43491,0.14299,0.31822,0.746,-0.666,-0.012,0.004
0.35,0.43669,0.14466,0.3148,0.746,-0.666,-0.012,0.004
0.4,0.43847,0.14635,0.31137,0.746,-0.666,-0.012,0.004
0.45,0.44024,0.14804,0.30792,0.746,-0.666,-0.012,0.004
0.5,0.44202,0.14976,0.30446,0.746,-0.666,-0.012,0.004
0.55,0.44379,0.15148,0.30099,0.746,-0.666,-0.012,0.004
0.6,0.44556,0.15321,0.29751,0.746,-0.666,-0.012,0.004
0.65,0.44734,0.15495,0.29401,0.746,-0.666,-0.012,0.004
0.7,0.44911,0.1567,0.29051,0.746,-0.666,-0.012,0.004
0.75,0.45088,0.15845,0.28699,0.746,-0.666,-0.012,0.004
0.8,0.45264,0.16021,0.28347,0.746,-0.666,-0.012,0.004
0.85,0.45441,0.16197,0.27994,0.746,-0.666,-0.012,0.004
0.9,0.45618,0.16373,0.27641,0.746,-0.666,-0.012,0.004
0.95,0.45794,0.16549,0.27287,0.746,-0.666,-0.012,0.004
1,0.45971,0.16725,0.26932,0.746,-0.666,-0.012,0.004
1.05,0.46147,0.169,0.26577,0.746,-0.666,-0.012,0.004
1.1,0.46323,0.17076,0.26222,0.746,-0.666,-0.012,0.004
1.15,0.46499,0.1725,0.25867,0.746,-0.666,-0.012,0.004
1.2,0.46675,0.17424,0.25512,0.746,-0.666,-0.012,0.004
1.25,0.46851,0.17597,0.25157,0.746,-0.666,-0.012,0.004
1.3,0.47027,0.17769,0.24802,0.746,-0.666,-0.012,0.004
1.35,0.47202,0.17939,0.24447,0.746,-0.666,-0.012,0.004
1.4,0.47378,0.18109,0.24093,0.746,-0.666,-0.012,0.004
1.45,0.47553,0.18277,0.23739,0.746,-0.666,-0.012,0.004
1.5,0.47728,0.18443,0.23385,0.746,-0.666,-0.012,0.004
1.55,0.47903,0.18608,0.23032,0.746,-0.666,-0.012,0.004
1.6,0.48078,0.18771,0.2268,0.746,-0.666,-0.012,0.004
1.65,0.48251,0.18932,0.22328,0.746,-0.666,-0.012,0.004
1.7,0.48424,0.19092,0.21977,0.746,-0.666,-0.012,0.004
1.75,0.48595,0.19251,0.21626,0.746,-0.666,-0.012,0.004
1.8,0.48763,0.1941,0.21274,0.746,-0.666,-0.012,0.004
1.85,0.48928,0.1957,0.20919,0.746,-0.666,-0.012,0.004
1.9,0.49088,0.19734,0.20558,0.746,-0.666,-0.012,0.004
1.95,0.49242,0.19904,0.20184,0.746,-0.666,-0.012,0.004
2,0.49391,0.20083,0.19788,0.746,-0.666,-0.012,0.004
2.05,0.4954,0.20273,0.19357,0.746,-0.666,-0.012,0.004
2.1,0.49699,0.20474,0.18872,0.746,-0.666,-0.012,0.004
2.15,0.49883,0.20684,0.18315,0.746,-0.666,-0.012,0.004
2.2,0.50116,0.2089,0.1767,0.746,-0.666,-0.012,0.004
2.25,0.50423,0.21078,0.1694,0.746,-0.666,-0.012,0.004
2.3,0.50818,0.21229,0.16143,0.746,-0.666,-0.012,0.004
2.35,0.51302,0.21333,0.15309,0.746,-0.666,-0.012,0.004
2.4,0.51861,0.21386,0.14475,0.746,-0.666,-0.012,0.004
2.45,0.52474,0.21392,0.13667,0.746,-0.666,-0.012,0.004
2.5,0.53119,0.21361,0.12898,0.746,-0.666,-0.012,0.004
2.55,0.53779,0.21304,0.12172,0.746,-0.666,-0.012,0.004
2.6,0.54444,0.21228,0.11485,0.746,-0.666,-0.012,0.004
2.65,0.55108,0.2114,0.10833,0.746,-0.666,-0.012,0.004
2.7,0.55766,0.21045,0.10208,0.746,-0.666,-0.012,0.004
2.75,0.56418,0.20946,0.096031,0.746,-0.666,-0.012,0.004
2.8,0.57065,0.20845,0.090145,0.746,-0.666,-0.012,0.004
2.85,0.57707,0.20742,0.084369,0.746,-0.666,-0.012,0.004
2.9,0.58346,0.20638,0.078662,0.746,-0.666,-0.012,0.004
2.95,0.58983,0.20533,0.072981,0.746,-0.666,-0.012,0.004
3,0.59621,0.20429,0.067283,0.746,-0.666,-0.012,0.004
3.05,0.60265,0.20325,0.061529,0.746,-0.666,-0.012,0.004
3.1,0.6092,0.20223,0.055706,0.746,-0.666,-0.012,0.004
3.15,0.61593,0.20124,0.049873,0.746,-0.666,-0.012,0.004
3.2,0.62287,0.20034,0.044242,0.746,-0.666,-0.012,0.004
3.25,0.62997,0.19957,0.039223,0.746,-0.666,-0.012,0.004
3.3,0.63707,0.19898,0.035315,0.746,-0.666,-0.012,0.004
3.35,0.6439,0.19856,0.032796,0.746,-0.666,-0.012,0.004
3.4,0.65028,0.19826,0.031508,0.746,-0.666,-0.012,0.004
3.45,0.65621,0.19798,0.031002,0.746,-0.666,-0.012,0.004
3.5,0.66179,0.19769,0.03084,0.746,-0.666,-0.012,0.004
3.55,0.66714,0.19737,0.030749,0.746,-0.666,-0.012,0.004
3.6,0.67236,0.19701,0.03061,0.746,-0.666,-0.012,0.004
3.65,0.67751,0.19663,0.03039,0.746,-0.666,-0.012,0.004
3.7,0.68265,0.19623,0.030095,0.746,-0.666,-0.012,0.004
3.75,0.68779,0.19583,0.029741,0.746,-0.666,-0.012,0.004
3.8,0.69296,0.19542,0.029348,0.746,-0.666,-0.012,0.004
3.85,0.6982,0.19503,0.028937,0.746,-0.666,-0.012,0.004
3.9,0.70353,0.19468,0.028533,0.746,-0.666,-0.012,0.004
3.95,0.70896,0.1944,0.028174,0.746,-0.666,-0.012,0.004
4,0.71443,0.19426,0.027921,0.746,-0.666,-0.012,0.004
4.05,0.71977,0.19433,0.027861,0.746,-0.666,-0.012,0.004
4.1,0.72461,0.19466,0.028081,0.746,-0.666,-0.012,0.004
4.15,0.72846,0.19523,0.028594,0.746,-0.666,-0.012,0.004
4.2,0.73111,0.19588,0.029289,0.746,-0.666,-0.012,0.004
4.25,0.73276,0.19643,0.029987,0.746,-0.666,-0.012,0.004
4.3,0.73386,0.19679,0.030568,0.746,-0.666,-0.012,0.004
4.35,0.73478,0.19697,0.031001,0.746,-0.666,-0.012,0.004
4.4,0.73571,0.19701,0.031314,0.746,-0.666,-0.012,0.004
4.45,0.73672,0.19697,0.031546,0.746,-0.666,-0.012,0.004
4.5,0.7378,0.19688,0.031726,0.746,-0.666,-0.012,0.004
4.55,0.73893,0.19676,0.031877,0.746,-0.666,-0.012,0.004
4.6,0.7401,0.19663,0.03201,0.746,-0.666,-0.012,0.004
4.65,0.7413,0.19649,0.032134,0.746,-0.666,-0.012,0.004
4.7,0.74251,0.19634,0.032253,0.746,-0.666,-0.012,0.004
4.75,0.74373,0.19619,0.032369,0.746,-0.666,-0.012,0.004
4.8,0.74495,0.19604,0.032484,0.746,-0.666,-0.012,0.004
4.85,0.74618,0.19589,0.032598,0.746,-0.666,-0.012,0.004
4.9,0.74741,0.19574,0.032711,0.746,-0.666,-0.012,0.004
4.95,0.74864,0.19559,0.032824,0.746,-0.666,-0.012,0.004
5,0.74901,0.17468,0.031999,0.746,-0.666,-0.012,0.004
