0.05,0.42062,-0.12626,0.2903,0.998,0.065,-0.013,-0.018
0.1,0.485,-0.20589,0.37168,0.998,0.065,-0.013,-0.018
0.15,0.49544,-0.1981,0.36625,0.998,0.065,-0.013,-0.018
0.2,0.50588,-0.19031,0.36082,0.998,0.065,-0.013,-0.018
0.25,0.51632,-0.18252,0.3554,0.998,0.065,-0.013,-0.018
0.3,0.52676,-0.17473,0.34997,0.998,0.065,-0.013,-0.018
0.35,0.5372,-0.16694,0.34454,0.998,0.065,-0.013,-0.018
0.4,0.54765,-0.15915,0.33911,0.998,0.065,-0.013,-0.018
0.45,0.5581,-0.15136,0.33368,0.998,0.065,-0.013,-0.018
0.5,0.56855,-0.14356,0.32824,0.998,0.065,-0.013,-0.018
0.55,0.57902,-0.13575,0.32279,0.998,0.065,-0.013,-0.018
0.6,0.58951,-0.12794,0.31733,0.998,0.065,-0.013,-0.018
0.65,0.60004,-0.12011,0.31184,0.998,0.065,-0.013,-0.018
0.7,0.61063,-0.11225,0.30629,0.998,0.065,-0.013,-0.018
0.75,0.6213,-0.10435,0.30066,0.998,0.065,-0.013,-0.018
0.8,0.63212,-0.096408,0.29488,0.998,0.065,-0.013,-0.018
0.85,0.64315,-0.088396,0.28886,0.998,0.065,-0.013,-0.018
0.9,0.65446,-0.08032,0.28244,0.998,0.065,-0.013,-0.018
0.95,0.66613,-0.072219,0.27539,0.998,0.065,-0.013,-0.018
1,0.67817,-0.064216,0.26743,0.998,0.065,-0.013,-0.018
1.05,0.6904,-0.056578,0.25825,0.998,0.065,-0.013,-0.018
1.1,0.70235,-0.049767,0.24771,0.998,0.065,-0.013,-0.018
1.15,0.71315,-0.044367,0.23607,0.998,0.065,-0.013,-0.018
1.2,0.72183,-0.040841,0.22413,0.998,0.065,-0.013,-0.018
1.25,0.72775,-0.039214,0.21303,0.998,0.065,-0.013,-0.018
1.3,0.73102,-0.039019,0.20363,0.998,0.065,-0.013,-0.018
1.35,0.73232,-0.039575,0.19622,0.998,0.065,-0.013,-0.018
1.4,0.73248,-0.040318,0.19056,0.998,0.065,-0.013,-0.018
1.45,0.73212,-0.040933,0.18617,0.998,0.065,-0.013,-0.018
1.5,0.73161,-0.041303,0.18264,0.998,0.065,-0.013,-0.018
1.55,0.73114,-0.041426,0.17963,0.998,0.065,-0.013,-0.018
1.6,0.73326,-0.043045,0.16286,0.998,0.065,-0.013,-0.018
1.65,0.73046,-0.041099,0.17444,0.998,0.065,-0.013,-0.018
1.7,0.73027,-0.040744,0.17208,0.998,0.065,-0.013,-0.018
1.75,0.73015,-0.040309,0.16982,0.998,0.065,-0.013,-0.018
1.8,0.73008,-0.039814,0.16768,0.998,0.065,-0.013,-0.018
1.85,0.73005,-0.039264,0.16571,0.998,0.065,-0.013,-0.018
1.9,0.73002,-0.038641,0.16402,0.998,0.065,-0.013,-0.018
1.95,0.72993,-0.037882,0.16278,0.998,0.065,-0.013,-0.018
2,0.72966,-0.036843,0.1623,0.998,0.065,-0.013,-0.018
2.05,0.72896,-0.035247,0.16296,0.998,0.065,-0.013,-0.018
2.1,0.72743,-0.032637,0.16517,0.998,0.065,-0.013,-0.018
2.15,0.72451,-0.028431,0.16908,0.998,0.065,-0.013,-0.018
2.2,0.71974,-0.022203,0.17414,0.998,0.065,-0.013,-0.018
2.25,0.71315,-0.014109,0.17898,0.998,0.065,-0.013,-0.018
2.3,0.70541,-0.0049879,0.18205,0.998,0.065,-0.013,-0.018
2.35,0.69745,0.0041325,0.18251,0.998,0.065,-0.013,-0.018
2.4,0.6899,0.012601,0.18052,0.998,0.065,-0.013,-0.018
2.45,0.683,0.020249,0.17673,0.998,0.065,-0.013,-0.018
2.5,0.67668,0.027187,0.17178,0.998,0.065,-0.013,-0.018
2.55,0.67081,0.033607,0.16615,0.998,0.065,-0.013,-0.018
2.6,0.66524,0.039676,0.16012,0.998,0.065,-0.013,-0.018
2.65,0.65987,0.045517,0.15383,0.998,0.065,-0.013,-0.018
2.7,0.65462,0.051211,0.14735,0.998,0.065,-0.013,-0.018
2.75,0.64946,0.0568,0.14066,0.998,0.065,-0.013,-0.018
2.8,0.64437,0.062298,0.13373,0.998,0.065,-0.013,-0.018
2.85,0.63936,0.067686,0.12647,0.998,0.065,-0.013,-0.018
2.9,0.63449,0.072907,0.11878,0.998,0.065,-0.013,-0.018
2.95,0.62988,0.077839,0.11056,0.998,0.065,-0.013,-0.018
3,0.62574,0.082281,0.10179,0.998,0.065,-0.013,-0.018
3.05,0.62242,0.085942,0.092721,0.998,0.065,-0.013,-0.018
3.1,0.62032,0.088509,0.084018,0.998,0.065,-0.013,-0.018
3.15,0.61973,0.089823,0.076849,0.998,0.065,-0.013,-0.018
3.2,0.62055,0.090094,0.072476,0.998,0.065,-0.013,-0.018
3.25,0.62324,0.084892,0.07767,0.998,0.065,-0.013,-0.018
3.3,0.62398,0.089881,0.073598,0.998,0.065,-0.013,-0.018
3.35,0.62536,0.090423,0.077724,0.998,0.065,-0.013,-0.018
3.4,0.62617,0.091606,0.082927,0.998,0.065,-0.013,-0.018
3.45,0.62647,0.093333,0.088563,0.998,0.065,-0.013,-0.018
3.5,0.62638,0.095462,0.094309,0.998,0.065,-0.013,-0.018
3.55,0.62606,0.097879,0.10005,0.998,0.065,-0.013,-0.018
3.6,0.62562,0.10051,0.10576,0.998,0.065,-0.013,-0.018
3.65,0.62518,0.10333,0.11147,0.998,0.065,-0.013,-0.018
3.7,0.62482,0.10635,0.11724,0.998,0.065,-0.013,-0.018
3.75,0.62467,0.10964,0.12311,0.998,0.065,-0.013,-0.018
3.8,0.62486,0.1133,0.12915,0.998,0.065,-0.013,-0.018
3.85,0.62556,0.1175,0.1354,0.998,0.065,-0.013,-0.018
3.9,0.62699,0.12245,0.14186,0.998,0.065,-0.013,-0.018
3.95,0.62935,0.1284,0.14846,0.998,0.065,-0.013,-0.018
4,0.63279,0.13551,0.155,0.998,0.065,-0.013,-0.018
4.05,0.63722,0.14376,0.16111,0.998,0.065,-0.013,-0.018
4.1,0.64225,0.15279,0.16632,0.998,0.065,-0.013,-0.018
4.15,0.64719,0.16195,0.17022,0.998,0.065,-0.013,-0.018
4.2,0.65134,0.17049,0.17264,0.998,0.065,-0.013,-0.018
4.25,0.6542,0.17788,0.17372,0.998,0.065,-0.013,-0.018
4.3,0.65565,0.18391,0.1738,0.998,0.065,-0.013,-0.018
4.35,0.65586,0.18872,0.17326,0.998,0.065,-0.013,-0.018
4.4,0.65509,0.19253,0.17239,0.998,0.065,-0.013,-0.018
4.45,0.65364,0.19563,0.17138,0.998,0.065,-0.013,-0.018
4.5,0.65173,0.19824,0.17035,0.998,0.065,-0.013,-0.018
4.55,0.64952,0.20053,0.16933,0.998,0.065,-0.013,-0.018
4.6,0.64712,0.20261,0.16835,0.998,0.065,-0.013,-0.018
4.65,0.64461,0.20455,0.16742,0.998,0.065,-0.013,-0.018
4.7,0.64202,0.20642,0.16652,0.998,0.065,-0.013,-0.018
4.75,0.63939,0.20823,0.16565,0.998,0.065,-0.013,-0.018
4.8,0.63673,0.21,0.1648,0.998,0.065,-0.013,-0.018
4.85,0.63405,0.21176,0.16397,0.998,0.065,-0.013,-0.018
4.9,0.63137,0.21351,0.16315,0.998,0.065,-0.013,-0.018
4.95,0.62867,0.21524,0.16234,0.998,0.065,-0.013,-0.018
5,0.54917,0.19114,0.16456,0.998,0.065,-0.013,-0.018
