0.05,0.48579,-0.28311,0.45294,0.998,0.065,-0.013,-0.018
0.1,0.49365,-0.27113,0.44739,0.998,0.065,-0.013,-0.018
0.15,0.50179,-0.2591,0.44166,0.998,0.065,-0.013,-0.018
0.2,0.51021,-0.2471,0.43568,0.998,0.065,-0.013,-0.018
0.25,0.51893,-0.23516,0.42941,0.998,0.065,-0.013,-0.018
0.3,0.52797,-0.22329,0.4228,0.998,0.065,-0.013,-0.018
0.35,0.53736,-0.21147,0.41583,0.998,0.065,-0.013,-0.018
0.4,0.5471,-0.19971,0.40844,0.998,0.065,-0.013,-0.018
0.45,0.55722,-0.18797,0.4006,0.998,0.065,-0.013,-0.018
0.5,0.56773,-0.17626,0.39225,0.998,0.065,-0.013,-0.018
0.55,0.57858,-0.16459,0.38334,0.998,0.065,-0.013,-0.018
0.6,0.58972,-0.15303,0.37385,0.998,0.065,-0.013,-0.018
0.65,0.6011,-0.14165,0.36381,0.998,0.065,-0.013,-0.018
0.7,0.61266,-0.13056,0.35327,0.998,0.065,-0.013,-0.018
0.75,0.62433,-0.11987,0.3423,0.998,0.065,-0.013,-0.018
0.8,0.63605,-0.1097,0.33092,0.998,0.065,-0.013,-0.018
0.85,0.64771,-0.10017,0.31917,0.998,0.065,-0.013,-0.018
0.9,0.65918,-0.091404,0.30708,0.998,0.065,-0.013,-0.018
0.95,0.67029,-0.083532,0.2947,0.998,0.065,-0.013,-0.018
1,0.68087,-0.076625,0.28211,0.998,0.065,-0.013,-0.018
1.05,0.69072,-0.070686,0.26948,0.998,0.065,-0.013,-0.018
1.1,0.69972,-0.065653,0.25696,0.998,0.065,-0.013,-0.018
1.15,0.70781,-0.061445,0.24473,0.998,0.065,-0.013,-0.018
1.2,0.71497,-0.057997,0.23293,0.998,0.065,-0.013,-0.018
1.25,0.72121,-0.055265,0.22169,0.998,0.065,-0.013,-0.018
1.3,0.72655,-0.053206,0.21108,0.998,0.065,-0.013,-0.018
1.35,0.73103,-0.051766,0.20121,0.998,0.065,-0.013,-0.018
1.4,0.7347,-0.050863,0.19214,0.998,0.065,-0.013,-0.018
1.45,0.73763,-0.050381,0.18391,0.998,0.065,-0.013,-0.018
1.5,0.73989,-0.050173,0.17659,0.998,0.065,-0.013,-0.018
1.55,0.74153,-0.050061,0.17022,0.998,0.065,-0.013,-0.018
1.6,0.7426,-0.049826,0.16487,0.998,0.065,-0.013,-0.018
1.65,0.74311,-0.049174,0.16065,0.998,0.065,-0.013,-0.018
1.7,0.74313,-0.048237,0.15747,0.998,0.065,-0.013,-0.018
1.75,0.74269,-0.047083,0.1553,0.998,0.065,-0.013,-0.018
1.8,0.74181,-0.045738,0.15411,0.998,0.065,-0.013,-0.018
1.85,0.74047,-0.044184,0.15389,0.998,0.065,-0.013,-0.018
1.9,0.73866,-0.042363,0.15465,0.998,0.065,-0.013,-0.018
1.95,0.7363,-0.040171,0.15639,0.998,0.065,-0.013,-0.018
2,0.73332,-0.03746,0.15904,0.998,0.065,-0.013,-0.018
2.05,0.72965,-0.034053,0.16251,0.998,0.065,-0.013,-0.018
2.1,0.72528,-0.029779,0.16654,0.998,0.065,-0.013,-0.018
2.15,0.72026,-0.024544,0.1707,0.998,0.065,-0.013,-0.018
2.2,0.71471,-0.018393,0.17451,0.998,0.065,-0.013,-0.018
2.25,0.70876,-0.011486,0.17754,0.998,0.065,-0.013,-0.018
2.3,0.7025,-0.0040341,0.17953,0.998,0.065,-0.013,-0.018
2.35,0.69603,0.0037483,0.18032,0.998,0.065,-0.013,-0.018
2.4,0.68947,0.011666,0.17987,0.998,0.065,-0.013,-0.018
2.45,0.6829,0.019552,0.17818,0.998,0.065,-0.013,-0.018
2.5,0.67639,0.027265,0.17529,0.998,0.065,-0.013,-0.018
2.55,0.67002,0.03469,0.17125,0.998,0.065,-0.013,-0.018
2.6,0.66384,0.041729,0.16607,0.998,0.065,-0.013,-0.018
2.65,0.65788,0.048291,0.15979,0.998,0.065,-0.013,-0.018
2.7,0.65221,0.054289,0.15244,0.998,0.065,-0.013,-0.018
2.75,0.64688,0.059634,0.14408,0.998,0.065,-0.013,-0.018
2.8,0.64195,0.064246,0.13486,0.998,0.065,-0.013,-0.018
2.85,0.63751,0.068075,0.12506,0.998,0.065,-0.013,-0.018
2.9,0.63362,0.071148,0.11514,0.998,0.065,-0.013,-0.018
2.95,0.63026,0.073585,0.10565,0.998,0.065,-0.013,-0.018
3,0.62741,0.075547,0.097066,0.998,0.065,-0.013,-0.018
3.05,0.62503,0.077157,0.0897,0.998,0.065,-0.013,-0.018
3.1,0.62311,0.078506,0.083743,0.998,0.065,-0.013,-0.018
3.15,0.62166,0.079672,0.079298,0.998,0.065,-0.013,-0.018
3.2,0.6207,0.080767,0.076391,0.998,0.065,-0.013,-0.018
3.25,0.62027,0.081977,0.074966,0.998,0.065,-0.013,-0.018
3.3,0.62039,0.083576,0.074908,0.998,0.065,-0.013,-0.018
3.35,0.62098,0.08549,0.076151,0.998,0.065,-0.013,-0.018
3.4,0.62197,0.087715,0.078614,0.998,0.065,-0.013,-0.018
3.45,0.62332,0.090277,0.082215,0.998,0.065,-0.013,-0.018
3.5,0.62497,0.093216,0.086869,0.998,0.065,-0.013,-0.018
3.55,0.6269,0.096574,0.092482,0.998,0.065,-0.013,-0.018
3.6,0.62908,0.10039,0.098941,0.998,0.065,-0.013,-0.018
3.65,0.63148,0.10471,0.1061,0.998,0.065,-0.013,-0.018
3.7,0.63407,0.10955,0.11376,0.998,0.065,-0.013,-0.018
3.75,0.63683,0.11491,0.12166,0.998,0.065,-0.013,-0.018
3.8,0.63973,0.12077,0.12949,0.998,0.065,-0.013,-0.018
3.85,0.64278,0.12708,0.13692,0.998,0.065,-0.013,-0.018
3.9,0.64596,0.13376,0.14375,0.998,0.065,-0.013,-0.018
3.95,0.64926,0.14075,0.14984,0.998,0.065,-0.013,-0.018
4,0.65266,0.14794,0.15515,0.998,0.065,-0.013,-0.018
4.05,0.65611,0.15524,0.15969,0.998,0.065,-0.013,-0.018
4.1,0.65958,0.16255,0.16348,0.998,0.065,-0.013,-0.018
4.15,0.66303,0.16978,0.16654,0.998,0.065,-0.013,-0.018
4.2,0.66645,0.17685,0.1689,0.998,0.065,-0.013,-0.018
4.25,0.66981,0.1837,0.1706,0.998,0.065,-0.013,-0.018
4.3,0.67311,0.19028,0.17171,0.998,0.065,-0.013,-0.018
4.35,0.67632,0.19655,0.1723,0.998,0.065,-0.013,-0.018
4.4,0.67942,0.20249,0.17245,0.998,0.065,-0.013,-0.018
4.45,0.68239,0.2081,0.17223,0.998,0.065,-0.013,-0.018
4.5,0.68519,0.21337,0.17169,0.998,0.065,-0.013,-0.018
4.55,0.68785,0.21828,0.17092,0.998,0.065,-0.013,-0.018
4.6,0.69039,0.22282,0.16996,0.998,0.065,-0.013,-0.018
4.65,0.69284,0.22699,0.16886,0.998,0.065,-0.013,-0.018
4.7,0.69524,0.23077,0.16766,0.998,0.065,-0.013,-0.018
4.75,0.69762,0.23415,0.16636,0.998,0.065,-0.013,-0.018
4.8,0.7,0.23714,0.16496,0.998,0.065,-0.013,-0.018
4.85,0.7024,0.23974,0.16345,0.998,0.065,-0.013,-0.018
4.9,0.70486,0.24198,0.16178,0.998,0.065,-0.013,-0.018
4.95,0.70739,0.24389,0.15991,0.998,0.065,-0.013,-0.018
5,0.71001,0.24554,0.15776,0.998,0.065,-0.013,-0.018
