0.05,0.40869,-0.12258,0.28377,0.998,0.065,-0.013,-0.018
0.1,0.41923,-0.12126,0.28746,0.998,0.065,-0.013,-0.018
0.15,0.43008,-0.11974,0.29092,0.998,0.065,-0.013,-0.018
0.2,0.44127,-0.11795,0.29402,0.998,0.065,-0.013,-0.018
0.25,0.45282,-0.11586,0.29667,0.998,0.065,-0.013,-0.018
0.3,0.46475,-0.11342,0.2988,0.998,0.065,-0.013,-0.018
0.35,0.47707,-0.11062,0.30034,0.998,0.065,-0.013,-0.018
0.4,0.48979,-0.10743,0.30124,0.998,0.065,-0.013,-0.018
0.45,0.5029,-0.10387,0.30145,0.998,0.065,-0.013,-0.018
0.5,0.51639,-0.099961,0.30093,0.998,0.065,-0.013,-0.018
0.55,0.53023,-0.095765,0.29961,0.998,0.065,-0.013,-0.018
0.6,0.54433,-0.091342,0.29748,0.998,0.065,-0.013,-0.018
0.65,0.55861,-0.086738,0.29451,0.998,0.065,-0.013,-0.018
0.7,0.57298,-0.081979,0.29067,0.998,0.065,-0.013,-0.018
0.75,0.58733,-0.077095,0.28592,0.998,0.065,-0.013,-0.018
0.8,0.60154,-0.07214,0.28021,0.998,0.065,-0.013,-0.018
0.85,0.61549,-0.067197,0.27352,0.998,0.065,-0.013,-0.018
0.9,0.629,-0.062369,0.26584,0.998,0.065,-0.013,-0.018
0.95,0.6419,-0.057776,0.25725,0.998,0.065,-0.013,-0.018
1,0.65404,-0.053534,0.24792,0.998,0.065,-0.013,-0.018
1.05,0.66529,-0.049752,0.23817,0.998,0.065,-0.013,-0.018
1.1,0.67561,-0.046524,0.22835,0.998,0.065,-0.013,-0.018
1.15,0.68498,-0.04391,0.21876,0.998,0.065,-0.013,-0.018
1.2,0.69341,-0.041931,0.20959,0.998,0.065,-0.013,-0.018
1.25,0.70091,-0.040575,0.20095,0.998,0.065,-0.013,-0.018
1.3,0.70749,-0.039797,0.19292,0.998,0.065,-0.013,-0.018
1.35,0.71316,-0.039527,0.18552,0.998,0.065,-0.013,-0.018
1.4,0.71795,-0.039664,0.17879,0.998,0.065,-0.013,-0.018
1.45,0.72192,-0.040085,0.17273,0.998,0.065,-0.013,-0.018
1.5,0.72513,-0.040661,0.16738,0.998,0.065,-0.013,-0.018
1.55,0.72772,-0.041266,0.16277,0.998,0.065,-0.013,-0.018
1.6,0.72984,-0.041775,0.15898,0.998,0.065,-0.013,-0.018
1.65,0.73173,-0.042055,0.15616,0.998,0.065,-0.013,-0.018
1.7,0.73325,-0.042109,0.15419,0.998,0.065,-0.013,-0.018
1.75,0.73431,-0.041923,0.15304,0.998,0.065,-0.013,-0.018
1.8,0.73484,-0.041471,0.15269,0.998,0.065,-0.013,-0.018
1.85,0.73478,-0.040704,0.15313,0.998,0.065,-0.013,-0.018
1.9,0.73406,-0.039547,0.1544,0.998,0.065,-0.013,-0.018
1.95,0.73261,-0.037892,0.15649,0.998,0.065,-0.013,-0.018
2,0.73036,-0.035598,0.1594,0.998,0.065,-0.013,-0.018
2.05,0.72725,-0.032501,0.16303,0.998,0.065,-0.013,-0.018
2.1,0.7233,-0.028454,0.16716,0.998,0.065,-0.013,-0.018
2.15,0.71861,-0.023389,0.17138,0.998,0.065,-0.013,-0.018
2.2,0.71334,-0.01737,0.17521,0.998,0.065,-0.013,-0.018
2.25,0.70762,-0.010566,0.17826,0.998,0.065,-0.013,-0.018
2.3,0.70157,-0.0031965,0.18024,0.998,0.065,-0.013,-0.018
2.35,0.69529,0.0045209,0.18101,0.998,0.065,-0.013,-0.018
2.4,0.6889,0.012388,0.18053,0.998,0.065,-0.013,-0.018
2.45,0.68249,0.020234,0.17882,0.998,0.065,-0.013,-0.018
2.5,0.67615,0.02792,0.17592,0.998,0.065,-0.013,-0.018
2.55,0.66994,0.035329,0.17187,0.998,0.065,-0.013,-0.018
2.6,0.66392,0.042363,0.16669,0.998,0.065,-0.013,-0.018
2.65,0.65814,0.048931,0.16042,0.998,0.065,-0.013,-0.018
2.7,0.65266,0.054947,0.15309,0.998,0.065,-0.013,-0.018
2.75,0.64753,0.060321,0.14477,0.998,0.065,-0.013,-0.018
2.8,0.64282,0.064974,0.1356,0.998,0.065,-0.013,-0.018
2.85,0.63862,0.068858,0.12587,0.998,0.065,-0.013,-0.018
2.9,0.635,0.072002,0.11603,0.998,0.065,-0.013,-0.018
2.95,0.63197,0.074534,0.10665,0.998,0.065,-0.013,-0.018
3,0.62951,0.076608,0.098214,0.998,0.065,-0.013,-0.018
3.05,0.62755,0.078339,0.091019,0.998,0.065,-0.013,-0.018
3.1,0.62603,0.079791,0.085242,0.998,0.065,-0.013,-0.018
3.15,0.62489,0.081013,0.080962,0.998,0.065,-0.013,-0.018
3.2,0.62402,0.082077,0.078162,0.998,0.065,-0.013,-0.018
3.25,0.62332,0.083122,0.076734,0.998,0.065,-0.013,-0.018
3.3,0.6226,0.084367,0.076487,0.998,0.065,-0.013,-0.018
3.35,0.62199,0.085789,0.077431,0.998,0.065,-0.013,-0.018
3.4,0.62153,0.087418,0.079536,0.998,0.065,-0.013,-0.018
3.45,0.62127,0.089305,0.082753,0.998,0.065,-0.013,-0.018
3.5,0.62121,0.091508,0.087024,0.998,0.065,-0.013,-0.018
3.55,0.62138,0.094085,0.092276,0.998,0.065,-0.013,-0.018
3.6,0.62177,0.097083,0.098415,0.998,0.065,-0.013,-0.018
3.65,0.62238,0.10054,0.10531,0.998,0.065,-0.013,-0.018
3.7,0.62315,0.10446,0.11278,0.998,0.065,-0.013,-0.018
3.75,0.62401,0.1088,0.12057,0.998,0.065,-0.013,-0.018
3.8,0.62481,0.11348,0.12837,0.998,0.065,-0.013,-0.018
3.85,0.62542,0.11835,0.1359,0.998,0.065,-0.013,-0.018
3.9,0.62571,0.12331,0.14293,0.998,0.065,-0.013,-0.018
3.95,0.62563,0.12824,0.14935,0.998,0.065,-0.013,-0.018
4,0.62516,0.1331,0.1551,0.998,0.065,-0.013,-0.018
4.05,0.62429,0.13783,0.16017,0.998,0.065,-0.013,-0.018
4.1,0.62303,0.14241,0.16453,0.998,0.065,-0.013,-0.018
4.15,0.62141,0.14682,0.16818,0.998,0.065,-0.013,-0.018
4.2,0.61946,0.15102,0.17112,0.998,0.065,-0.013,-0.018
4.25,0.6172,0.15502,0.17339,0.998,0.065,-0.013,-0.018
4.3,0.61466,0.15878,0.17503,0.998,0.065,-0.013,-0.018
4.35,0.61184,0.1623,0.17612,0.998,0.065,-0.013,-0.018
4.4,0.60875,0.16557,0.17673,0.998,0.065,-0.013,-0.018
4.45,0.60537,0.16861,0.17692,0.998,0.065,-0.013,-0.018
4.5,0.6017,0.1714,0.17675,0.998,0.065,-0.013,-0.018
4.55,0.59773,0.17397,0.17628,0.998,0.065,-0.013,-0.018
4.6,0.59347,0.17633,0.17554,0.998,0.065,-0.013,-0.018
4.65,0.58894,0.17851,0.17457,0.998,0.065,-0.013,-0.018
4.7,0.58413,0.18053,0.17335,0.998,0.065,-0.013,-0.018
4.75,0.57905,0.18243,0.17186,0.998,0.065,-0.013,-0.018
4.8,0.57373,0.18423,0.17007,0.998,0.065,-0.013,-0.018
4.85,0.56816,0.18595,0.16794,0.998,0.065,-0.013,-0.018
4.9,0.56239,0.18762,0.1654,0.998,0.065,-0.013,-0.018
4.95,0.55649,0.18922,0.16245,0.998,0.065,-0.013,-0.018
5,0.55053,0.19073,0.15906,0.998,0.065,-0.013,-0.018
