0.05,0.70293,-0.31815,0.35836,0.998,0.065,-0.013,-0.018
0.1,0.69924,-0.3043,0.35864,0.998,0.065,-0.013,-0.018
0.15,0.6959,-0.29043,0.35865,0.998,0.065,-0.013,-0.018
0.2,0.69296,-0.27659,0.35826,0.998,0.065,-0.013,-0.018
0.25,0.6905,-0.26283,0.35738,0.998,0.065,-0.013,-0.018
0.3,0.68855,-0.24916,0.35594,0.998,0.065,-0.013,-0.018
0.35,0.68715,-0.23557,0.35389,0.998,0.065,-0.013,-0.018
0.4,0.68636,-0.22205,0.35121,0.998,0.065,-0.013,-0.018
0.45,0.68618,-0.20859,0.34784,0.998,0.065,-0.013,-0.018
0.5,0.68662,-0.19517,0.34377,0.998,0.065,-0.013,-0.018
0.55,0.68765,-0.18182,0.33894,0.998,0.065,-0.013,-0.018
0.6,0.68923,-0.1686,0.33336,0.998,0.065,-0.013,-0.018
0.65,0.69136,-0.15561,0.32701,0.998,0.065,-0.013,-0.018
0.7,0.69409,-0.14296,0.31992,0.998,0.065,-0.013,-0.018
0.75,0.69748,-0.13079,0.3121,0.998,0.065,-0.013,-0.018
0.8,0.70157,-0.11923,0.30355,0.998,0.065,-0.013,-0.018
0.85,0.70634,-0.10842,0.29429,0.998,0.065,-0.013,-0.018
0.9,0.7117,-0.098508,0.28436,0.998,0.065,-0.013,-0.018
0.95,0.71746,-0.089607,0.27383,0.998,0.065,-0.013,-0.018
1,0.72328,-0.081782,0.26289,0.998,0.065,-0.013,-0.018
1.05,0.72876,-0.074999,0.25179,0.998,0.065,-0.013,-0.018
1.1,0.73352,-0.069146,0.24081,0.998,0.065,-0.013,-0.018
1.15,0.73734,-0.064096,0.23017,0.998,0.065,-0.013,-0.018
1.2,0.74018,-0.05975,0.22001,0.998,0.065,-0.013,-0.018
1.25,0.74207,-0.056037,0.21043,0.998,0.065,-0.013,-0.018
1.3,0.74313,-0.052898,0.20151,0.998,0.065,-0.013,-0.018
1.35,0.74347,-0.050274,0.1933,0.998,0.065,-0.013,-0.018
1.4,0.74325,-0.0481,0.18584,0.998,0.065,-0.013,-0.018
1.45,0.7426,-0.046308,0.17917,0.998,0.065,-0.013,-0.018
1.5,0.74167,-0.044842,0.17329,0.998,0.065,-0.013,-0.018
1.55,0.74063,-0.043658,0.16824,0.998,0.065,-0.013,-0.018
1.6,0.73966,-0.042744,0.16401,0.998,0.065,-0.013,-0.018
1.65,0.73905,-0.042123,0.16066,0.998,0.065,-0.013,-0.018
1.7,0.73856,-0.041646,0.15814,0.998,0.065,-0.013,-0.018
1.75,0.73805,-0.041188,0.15645,0.998,0.065,-0.013,-0.018
1.8,0.73737,-0.040636,0.15558,0.998,0.065,-0.013,-0.018
1.85,0.7364,-0.039879,0.15557,0.998,0.065,-0.013,-0.018
1.9,0.73504,-0.038793,0.15644,0.998,0.065,-0.013,-0.018
1.95,0.73314,-0.037236,0.15819,0.998,0.065,-0.013,-0.018
2,0.7306,-0.035043,0.16082,0.998,0.065,-0.013,-0.018
2.05,0.72731,-0.032038,0.16423,0.998,0.065,-0.013,-0.018
2.1,0.72326,-0.028068,0.16817,0.998,0.065,-0.013,-0.018
2.15,0.71852,-0.023067,0.17223,0.998,0.065,-0.013,-0.018
2.2,0.71323,-0.017106,0.17593,0.998,0.065,-0.013,-0.018
2.25,0.70751,-0.010361,0.17883,0.998,0.065,-0.013,-0.018
2.3,0.70148,-0.0030523,0.18067,0.998,0.065,-0.013,-0.018
2.35,0.69524,0.0045978,0.18131,0.998,0.065,-0.013,-0.018
2.4,0.68888,0.012391,0.1807,0.998,0.065,-0.013,-0.018
2.45,0.68252,0.020158,0.17887,0.998,0.065,-0.013,-0.018
2.5,0.67623,0.02776,0.17584,0.998,0.065,-0.013,-0.018
2.55,0.67007,0.035081,0.17166,0.998,0.065,-0.013,-0.018
2.6,0.66411,0.042025,0.16636,0.998,0.065,-0.013,-0.018
2.65,0.65839,0.048504,0.15997,0.998,0.065,-0.013,-0.018
2.7,0.65295,0.054433,0.15252,0.998,0.065,-0.013,-0.018
2.75,0.64788,0.059724,0.14408,0.998,0.065,-0.013,-0.018
2.8,0.64322,0.064301,0.13479,0.998,0.065,-0.013,-0.018
2.85,0.63907,0.068118,0.12494,0.998,0.065,-0.013,-0.018
2.9,0.63551,0.071205,0.11499,0.998,0.065,-0.013,-0.018
2.95,0.63257,0.073689,0.10548,0.998,0.065,-0.013,-0.018
3,0.63022,0.075734,0.096895,0.998,0.065,-0.013,-0.018
3.05,0.62844,0.077468,0.089542,0.998,0.065,-0.013,-0.018
3.1,0.62719,0.078971,0.083613,0.998,0.065,-0.013,-0.018
3.15,0.62641,0.080313,0.07921,0.998,0.065,-0.013,-0.018
3.2,0.62604,0.081587,0.076353,0.998,0.065,-0.013,-0.018
3.25,0.62601,0.08296,0.074986,0.998,0.065,-0.013,-0.018
3.3,0.62619,0.084685,0.074998,0.998,0.065,-0.013,-0.018
3.35,0.62663,0.086692,0.076309,0.998,0.065,-0.013,-0.018
3.4,0.62736,0.088982,0.078835,0.998,0.065,-0.013,-0.018
3.45,0.62839,0.091583,0.082489,0.998,0.065,-0.013,-0.018
3.5,0.6297,0.094541,0.087185,0.998,0.065,-0.013,-0.018
3.55,0.63129,0.097905,0.092828,0.998,0.065,-0.013,-0.018
3.6,0.63316,0.10172,0.099304,0.998,0.065,-0.013,-0.018
3.65,0.63529,0.10602,0.10647,0.998,0.065,-0.013,-0.018
3.7,0.63764,0.11085,0.11413,0.998,0.065,-0.013,-0.018
3.75,0.6402,0.11619,0.12202,0.998,0.065,-0.013,-0.018
3.8,0.64292,0.12204,0.12982,0.998,0.065,-0.013,-0.018
3.85,0.64581,0.12834,0.13723,0.998,0.065,-0.013,-0.018
3.9,0.64885,0.13502,0.14402,0.998,0.065,-0.013,-0.018
3.95,0.65202,0.142,0.15006,0.998,0.065,-0.013,-0.018
4,0.65529,0.14919,0.15532,0.998,0.065,-0.013,-0.018
4.05,0.65864,0.15649,0.15981,0.998,0.065,-0.013,-0.018
4.1,0.66201,0.16379,0.16354,0.998,0.065,-0.013,-0.018
4.15,0.66538,0.17101,0.16656,0.998,0.065,-0.013,-0.018
4.2,0.66873,0.17806,0.16887,0.998,0.065,-0.013,-0.018
4.25,0.67204,0.18489,0.17053,0.998,0.065,-0.013,-0.018
4.3,0.67528,0.19144,0.17161,0.998,0.065,-0.013,-0.018
4.35,0.67845,0.19768,0.17217,0.998,0.065,-0.013,-0.018
4.4,0.68151,0.20359,0.17228,0.998,0.065,-0.013,-0.018
4.45,0.68444,0.20916,0.17202,0.998,0.065,-0.013,-0.018
4.5,0.68721,0.21439,0.17144,0.998,0.065,-0.013,-0.018
4.55,0.68984,0.21926,0.17061,0.998,0.065,-0.013,-0.018
4.6,0.69235,0.22376,0.16959,0.998,0.065,-0.013,-0.018
4.65,0.69477,0.22788,0.16841,0.998,0.065,-0.013,-0.018
4.7,0.69715,0.23161,0.16711,0.998,0.065,-0.013,-0.018
4.75,0.6995,0.23495,0.16569,0.998,0.065,-0.013,-0.018
4.8,0.70185,0.23789,0.16414,0.998,0.065,-0.013,-0.018
4.85,0.70424,0.24045,0.16244,0.998,0.065,-0.013,-0.018
4.9,0.70667,0.24264,0.16055,0.998,0.065,-0.013,-0.018
4.95,0.70918,0.2445,0.15844,0.998,0.065,-0.013,-0.018
5,0.71178,0.2461,0.15602,0.998,0.065,-0.013,-0.018
