0.05,0.42062,-0.12626,0.2903,0.998,0.065,-0.013,-0.018
0.1,0.43069,-0.12493,0.29377,0.998,0.065,-0.013,-0.018
0.15,0.44107,-0.12339,0.297,0.998,0.065,-0.013,-0.018
0.2,0.4518,-0.12158,0.29988,0.998,0.065,-0.013,-0.018
0.25,0.4629,-0.11945,0.30233,0.998,0.065,-0.013,-0.018
0.3,0.47439,-0.11696,0.30425,0.998,0.065,-0.013,-0.018
0.35,0.48628,-0.1141,0.3056,0.998,0.065,-0.013,-0.018
0.4,0.49857,-0.11084,0.30632,0.998,0.065,-0.013,-0.018
0.45,0.51127,-0.1072,0.30636,0.998,0.065,-0.013,-0.018
0.5,0.52436,-0.1032,0.30567,0.998,0.065,-0.013,-0.018
0.55,0.5378,-0.098913,0.30419,0.998,0.065,-0.013,-0.018
0.6,0.55152,-0.094393,0.30191,0.998,0.065,-0.013,-0.018
0.65,0.56544,-0.089687,0.2988,0.998,0.065,-0.013,-0.018
0.7,0.57946,-0.084824,0.29483,0.998,0.065,-0.013,-0.018
0.75,0.59348,-0.079836,0.28996,0.998,0.065,-0.013,-0.018
0.8,0.6074,-0.074779,0.28415,0.998,0.065,-0.013,-0.018
0.85,0.62108,-0.069738,0.27737,0.998,0.065,-0.013,-0.018
0.9,0.63435,-0.064821,0.26961,0.998,0.065,-0.013,-0.018
0.95,0.64705,-0.060147,0.26096,0.998,0.065,-0.013,-0.018
1,0.659,-0.055834,0.25159,0.998,0.065,-0.013,-0.018
1.05,0.67009,-0.051988,0.2418,0.998,0.065,-0.013,-0.018
1.1,0.68026,-0.048697,0.23196,0.998,0.065,-0.013,-0.018
1.15,0.68948,-0.046018,0.22236,0.998,0.065,-0.013,-0.018
1.2,0.69776,-0.043967,0.21319,0.998,0.065,-0.013,-0.018
1.25,0.70513,-0.042529,0.20458,0.998,0.065,-0.013,-0.018
1.3,0.71158,-0.041662,0.19658,0.998,0.065,-0.013,-0.018
1.35,0.71714,-0.041296,0.18924,0.998,0.065,-0.013,-0.018
1.4,0.72183,-0.041336,0.18257,0.998,0.065,-0.013,-0.018
1.45,0.72572,-0.041663,0.17659,0.998,0.065,-0.013,-0.018
1.5,0.72885,-0.042145,0.17129,0.998,0.065,-0.013,-0.018
1.55,0.73133,-0.042653,0.16671,0.998,0.065,-0.013,-0.018
1.6,0.73326,-0.043045,0.16286,0.998,0.065,-0.013,-0.018
1.65,0.7348,-0.043157,0.15979,0.998,0.065,-0.013,-0.018
1.7,0.73588,-0.043023,0.1575,0.998,0.065,-0.013,-0.018
1.75,0.73648,-0.04265,0.15598,0.998,0.065,-0.013,-0.018
1.8,0.73656,-0.042023,0.15525,0.998,0.065,-0.013,-0.018
1.85,0.73609,-0.041101,0.15533,0.998,0.065,-0.013,-0.018
1.9,0.73502,-0.039811,0.15628,0.998,0.065,-0.013,-0.018
1.95,0.73328,-0.038048,0.15809,0.998,0.065,-0.013,-0.018
2,0.7308,-0.035666,0.16078,0.998,0.065,-0.013,-0.018
2.05,0.72752,-0.0325,0.16423,0.998,0.065,-0.013,-0.018
2.1,0.72344,-0.028397,0.16821,0.998,0.065,-0.013,-0.018
2.15,0.71866,-0.023281,0.17231,0.998,0.065,-0.013,-0.018
2.2,0.71331,-0.017212,0.17605,0.998,0.065,-0.013,-0.018
2.25,0.70754,-0.010359,0.17902,0.998,0.065,-0.013,-0.018
2.3,0.70144,-0.0029393,0.18093,0.998,0.065,-0.013,-0.018
2.35,0.69513,0.0048281,0.18165,0.998,0.065,-0.013,-0.018
2.4,0.68871,0.012745,0.18113,0.998,0.065,-0.013,-0.018
2.45,0.68227,0.020642,0.1794,0.998,0.065,-0.013,-0.018
2.5,0.67591,0.028379,0.17649,0.998,0.065,-0.013,-0.018
2.55,0.66968,0.035841,0.17243,0.998,0.065,-0.013,-0.018
2.6,0.66364,0.042931,0.16727,0.998,0.065,-0.013,-0.018
2.65,0.65785,0.04956,0.16102,0.998,0.065,-0.013,-0.018
2.7,0.65235,0.055638,0.15371,0.998,0.065,-0.013,-0.018
2.75,0.64721,0.061078,0.14541,0.998,0.065,-0.013,-0.018
2.8,0.6425,0.065801,0.13627,0.998,0.065,-0.013,-0.018
2.85,0.6383,0.069759,0.12657,0.998,0.065,-0.013,-0.018
2.9,0.63468,0.072988,0.11676,0.998,0.065,-0.013,-0.018
2.95,0.63166,0.075619,0.10742,0.998,0.065,-0.013,-0.018
3,0.62922,0.077813,0.099025,0.998,0.065,-0.013,-0.018
3.05,0.62729,0.079681,0.091872,0.998,0.065,-0.013,-0.018
3.1,0.62582,0.081279,0.086135,0.998,0.065,-0.013,-0.018
3.15,0.62472,0.082639,0.081885,0.998,0.065,-0.013,-0.018
3.2,0.6239,0.08381,0.079101,0.998,0.065,-0.013,-0.018
3.25,0.62324,0.084892,0.07767,0.998,0.065,-0.013,-0.018
3.3,0.62259,0.08605,0.077395,0.998,0.065,-0.013,-0.018
3.35,0.62204,0.087322,0.078293,0.998,0.065,-0.013,-0.018
3.4,0.62163,0.088775,0.08034,0.998,0.065,-0.013,-0.018
3.45,0.6214,0.090481,0.083493,0.998,0.065,-0.013,-0.018
3.5,0.62137,0.092512,0.087697,0.998,0.065,-0.013,-0.018
3.55,0.62156,0.094934,0.092883,0.998,0.065,-0.013,-0.018
3.6,0.62196,0.097801,0.098959,0.998,0.065,-0.013,-0.018
3.65,0.62257,0.10115,0.1058,0.998,0.065,-0.013,-0.018
3.7,0.62334,0.10498,0.11321,0.998,0.065,-0.013,-0.018
3.75,0.62418,0.10925,0.12096,0.998,0.065,-0.013,-0.018
3.8,0.62497,0.11387,0.12872,0.998,0.065,-0.013,-0.018
3.85,0.62555,0.11869,0.13621,0.998,0.065,-0.013,-0.018
3.9,0.62582,0.12359,0.14321,0.998,0.065,-0.013,-0.018
3.95,0.62571,0.12849,0.14959,0.998,0.065,-0.013,-0.018
4,0.6252,0.1333,0.15531,0.998,0.065,-0.013,-0.018
4.05,0.62428,0.138,0.16034,0.998,0.065,-0.013,-0.018
4.1,0.62297,0.14256,0.16468,0.998,0.065,-0.013,-0.018
4.15,0.6213,0.14695,0.16832,0.998,0.065,-0.013,-0.018
4.2,0.61929,0.15114,0.17127,0.998,0.065,-0.013,-0.018
4.25,0.61697,0.15512,0.17355,0.998,0.065,-0.013,-0.018
4.3,0.61436,0.15888,0.17523,0.998,0.065,-0.013,-0.018
4.35,0.61147,0.16241,0.17638,0.998,0.065,-0.013,-0.018
4.4,0.6083,0.16569,0.17706,0.998,0.065,-0.013,-0.018
4.45,0.60485,0.16874,0.17735,0.998,0.065,-0.013,-0.018
4.5,0.6011,0.17155,0.17731,0.998,0.065,-0.013,-0.018
4.55,0.59705,0.17414,0.177,0.998,0.065,-0.013,-0.018
4.6,0.59271,0.17653,0.17647,0.998,0.065,-0.013,-0.018
4.65,0.5881,0.17873,0.17575,0.998,0.065,-0.013,-0.018
4.7,0.5832,0.18078,0.17486,0.998,0.065,-0.013,-0.018
4.75,0.57805,0.18271,0.17379,0.998,0.065,-0.013,-0.018
4.8,0.57264,0.18454,0.17251,0.998,0.065,-0.013,-0.018
4.85,0.567,0.18629,0.17099,0.998,0.065,-0.013,-0.018
4.9,0.56117,0.18799,0.16919,0.998,0.065,-0.013,-0.018
4.95,0.55519,0.18961,0.16706,0.998,0.065,-0.013,-0.018
5,0.54917,0.19114,0.16456,0.998,0.065,-0.013,-0.018
