0.05,0.4068,-0.12648,0.28173,0.998,0.065,-0.013,-0.018
0.1,0.4176,-0.12485,0.28564,0.998,0.065,-0.013,-0.018
0.15,0.42871,-0.12303,0.28931,0.998,0.065,-0.013,-0.018
0.2,0.44015,-0.12097,0.29262,0.998,0.065,-0.013,-0.018
0.25,0.45195,-0.11862,0.29547,0.998,0.065,-0.013,-0.018
0.3,0.46412,-0.11596,0.2978,0.998,0.065,-0.013,-0.018
0.35,0.47667,-0.11295,0.29953,0.998,0.065,-0.013,-0.018
0.4,0.48962,-0.10958,0.30061,0.998,0.065,-0.013,-0.018
0.45,0.50295,-0.10586,0.301,0.998,0.065,-0.013,-0.018
0.5,0.51666,-0.10182,0.30065,0.998,0.065,-0.013,-0.018
0.55,0.53071,-0.097502,0.29951,0.998,0.065,-0.013,-0.018
0.6,0.54501,-0.092971,0.29754,0.998,0.065,-0.013,-0.018
0.65,0.5595,-0.088273,0.29473,0.998,0.065,-0.013,-0.018
0.7,0.57406,-0.083434,0.29104,0.998,0.065,-0.013,-0.018
0.75,0.58859,-0.078485,0.28644,0.998,0.065,-0.013,-0.018
0.8,0.60298,-0.073476,0.28087,0.998,0.065,-0.013,-0.018
0.85,0.61708,-0.068489,0.2743,0.998,0.065,-0.013,-0.018
0.9,0.63073,-0.063624,0.26673,0.998,0.065,-0.013,-0.018
0.95,0.64376,-0.058994,0.25825,0.998,0.065,-0.013,-0.018
1,0.65602,-0.054712,0.24902,0.998,0.065,-0.013,-0.018
1.05,0.66739,-0.050881,0.23937,0.998,0.065,-0.013,-0.018
1.1,0.67783,-0.047588,0.22966,0.998,0.065,-0.013,-0.018
1.15,0.68733,-0.044895,0.22019,0.998,0.065,-0.013,-0.018
1.2,0.69591,-0.04282,0.21116,0.998,0.065,-0.013,-0.018
1.25,0.70357,-0.041349,0.20267,0.998,0.065,-0.013,-0.018
1.3,0.71031,-0.040438,0.19479,0.998,0.065,-0.013,-0.018
1.35,0.71617,-0.040017,0.18756,0.998,0.065,-0.013,-0.018
1.4,0.72116,-0.039988,0.18099,0.998,0.065,-0.013,-0.018
1.45,0.72532,-0.040237,0.1751,0.998,0.065,-0.013,-0.018
1.5,0.7287,-0.040644,0.16989,0.998,0.065,-0.013,-0.018
1.55,0.7314,-0.041098,0.16538,0.998,0.065,-0.013,-0.018
1.6,0.7335,-0.041498,0.16161,0.998,0.065,-0.013,-0.018
1.65,0.73513,-0.041737,0.15865,0.998,0.065,-0.013,-0.018
1.7,0.73626,-0.041794,0.15646,0.998,0.065,-0.013,-0.018
1.75,0.73687,-0.041639,0.15504,0.998,0.065,-0.013,-0.018
1.8,0.73694,-0.041232,0.1544,0.998,0.065,-0.013,-0.018
1.85,0.73645,-0.040513,0.15457,0.998,0.065,-0.013,-0.018
1.9,0.73535,-0.039403,0.15558,0.998,0.065,-0.013,-0.018
1.95,0.73358,-0.037789,0.15746,0.998,0.065,-0.013,-0.018
2,0.73107,-0.035528,0.16019,0.998,0.065,-0.013,-0.018
2.05,0.72777,-0.032455,0.16367,0.998,0.065,-0.013,-0.018
2.1,0.72368,-0.028424,0.16768,0.998,0.065,-0.013,-0.018
2.15,0.71888,-0.023369,0.1718,0.998,0.065,-0.013,-0.018
2.2,0.71353,-0.017357,0.17556,0.998,0.065,-0.013,-0.018
2.25,0.70774,-0.010561,0.17852,0.998,0.065,-0.013,-0.018
2.3,0.70162,-0.0032007,0.18043,0.998,0.065,-0.013,-0.018
2.35,0.69528,0.0045039,0.18113,0.998,0.065,-0.013,-0.018
2.4,0.68883,0.012354,0.18059,0.998,0.065,-0.013,-0.018
2.45,0.68236,0.020181,0.17881,0.998,0.065,-0.013,-0.018
2.5,0.67595,0.027843,0.17584,0.998,0.065,-0.013,-0.018
2.55,0.66966,0.035225,0.17171,0.998,0.065,-0.013,-0.018
2.6,0.66354,0.042231,0.16645,0.998,0.065,-0.013,-0.018
2.65,0.65765,0.048769,0.1601,0.998,0.065,-0.013,-0.018
2.7,0.65204,0.054754,0.15267,0.998,0.065,-0.013,-0.018
2.75,0.64676,0.060097,0.14424,0.998,0.065,-0.013,-0.018
2.8,0.64188,0.064719,0.13494,0.998,0.065,-0.013,-0.018
2.85,0.63749,0.068572,0.12507,0.998,0.065,-0.013,-0.018
2.9,0.63364,0.071685,0.11507,0.998,0.065,-0.013,-0.018
2.95,0.63034,0.074184,0.10549,0.998,0.065,-0.013,-0.018
3,0.62756,0.076233,0.096796,0.998,0.065,-0.013,-0.018
3.05,0.62525,0.077959,0.089297,0.998,0.065,-0.013,-0.018
3.1,0.62342,0.079443,0.083189,0.998,0.065,-0.013,-0.018
3.15,0.62205,0.080753,0.078589,0.998,0.065,-0.013,-0.018
3.2,0.62118,0.081975,0.075543,0.998,0.065,-0.013,-0.018
3.25,0.62081,0.083254,0.074036,0.998,0.065,-0.013,-0.018
3.3,0.62098,0.084802,0.07401,0.998,0.065,-0.013,-0.018
3.35,0.62161,0.086607,0.075342,0.998,0.065,-0.013,-0.018
3.4,0.62262,0.0887,0.07792,0.998,0.065,-0.013,-0.018
3.45,0.62398,0.091128,0.081642,0.998,0.065,-0.013,-0.018
3.5,0.62564,0.093944,0.086412,0.998,0.065,-0.013,-0.018
3.55,0.62757,0.097198,0.092128,0.998,0.065,-0.013,-0.018
3.6,0.62975,0.10094,0.098673,0.998,0.065,-0.013,-0.018
3.65,0.63215,0.10519,0.1059,0.998,0.065,-0.013,-0.018
3.7,0.63474,0.10998,0.11362,0.998,0.065,-0.013,-0.018
3.75,0.6375,0.11532,0.12156,0.998,0.065,-0.013,-0.018
3.8,0.64041,0.12117,0.12941,0.998,0.065,-0.013,-0.018
3.85,0.64347,0.12747,0.13687,0.998,0.065,-0.013,-0.018
3.9,0.64667,0.13417,0.14371,0.998,0.065,-0.013,-0.018
3.95,0.65,0.14117,0.14981,0.998,0.065,-0.013,-0.018
4,0.65343,0.1484,0.15513,0.998,0.065,-0.013,-0.018
4.05,0.65691,0.15574,0.15967,0.998,0.065,-0.013,-0.018
4.1,0.66043,0.1631,0.16346,0.998,0.065,-0.013,-0.018
4.15,0.66393,0.17039,0.16652,0.998,0.065,-0.013,-0.018
4.2,0.66739,0.17752,0.16888,0.998,0.065,-0.013,-0.018
4.25,0.67081,0.18444,0.17058,0.998,0.065,-0.013,-0.018
4.3,0.67416,0.1911,0.17169,0.998,0.065,-0.013,-0.018
4.35,0.67742,0.19746,0.17228,0.998,0.065,-0.013,-0.018
4.4,0.68057,0.2035,0.17243,0.998,0.065,-0.013,-0.018
4.45,0.68358,0.2092,0.17221,0.998,0.065,-0.013,-0.018
4.5,0.68644,0.21457,0.17167,0.998,0.065,-0.013,-0.018
4.55,0.68914,0.2196,0.17089,0.998,0.065,-0.013,-0.018
4.6,0.69172,0.22427,0.16993,0.998,0.065,-0.013,-0.018
4.65,0.69421,0.22857,0.16883,0.998,0.065,-0.013,-0.018
4.7,0.69664,0.2325,0.16762,0.998,0.065,-0.013,-0.018
4.75,0.69903,0.23605,0.16631,0.998,0.065,-0.013,-0.018
4.8,0.70143,0.23922,0.16489,0.998,0.065,-0.013,-0.018
4.85,0.70384,0.24202,0.16335,0.998,0.065,-0.013,-0.018
4.9,0.7063,0.24447,0.16165,0.998,0.065,-0.013,-0.018
4.95,0.70882,0.24661,0.15975,0.998,0.065,-0.013,-0.018
5,0.71143,0.24849,0.15756,0.998,0.065,-0.013,-0.018
