0.05,0.49262,-0.27976,0.46378,0.998,0.065,-0.013,-0.018
0.1,0.49987,-0.2681,0.45749,0.998,0.065,-0.013,-0.018
0.15,0.50741,-0.25638,0.45103,0.998,0.065,-0.013,-0.018
0.2,0.51523,-0.24465,0.44435,0.998,0.065,-0.013,-0.018
0.25,0.52337,-0.23293,0.43739,0.998,0.065,-0.013,-0.018
0.3,0.53184,-0.22123,0.43012,0.998,0.065,-0.013,-0.018
0.35,0.54066,-0.20955,0.42251,0.998,0.065,-0.013,-0.018
0.4,0.54986,-0.19786,0.4145,0.998,0.065,-0.013,-0.018
0.45,0.55945,-0.18616,0.40607,0.998,0.065,-0.013,-0.018
0.5,0.56943,-0.17445,0.39714,0.998,0.065,-0.013,-0.018
0.55,0.57977,-0.16276,0.38767,0.998,0.065,-0.013,-0.018
0.6,0.59042,-0.15113,0.37764,0.998,0.065,-0.013,-0.018
0.65,0.60132,-0.13967,0.36708,0.998,0.065,-0.013,-0.018
0.7,0.61241,-0.12848,0.35606,0.998,0.065,-0.013,-0.018
0.75,0.62365,-0.11766,0.34463,0.998,0.065,-0.013,-0.018
0.8,0.63496,-0.10735,0.33284,0.998,0.065,-0.013,-0.018
0.85,0.64626,-0.097661,0.32072,0.998,0.065,-0.013,-0.018
0.9,0.65741,-0.088745,0.30829,0.998,0.065,-0.013,-0.018
0.95,0.66823,-0.080725,0.29563,0.998,0.065,-0.013,-0.018
1,0.67855,-0.073681,0.28279,0.998,0.065,-0.013,-0.018
1.05,0.68817,-0.067613,0.26994,0.998,0.065,-0.013,-0.018
1.1,0.69695,-0.062446,0.25721,0.998,0.065,-0.013,-0.018
1.15,0.70483,-0.058083,0.24479,0.998,0.065,-0.013,-0.018
1.2,0.71178,-0.054445,0.2328,0.998,0.065,-0.013,-0.018
1.25,0.71782,-0.051475,0.22138,0.998,0.065,-0.013,-0.018
1.3,0.72297,-0.049124,0.21061,0.998,0.065,-0.013,-0.018
1.35,0.72729,-0.047338,0.20058,0.998,0.065,-0.013,-0.018
1.4,0.73082,-0.046043,0.19135,0.998,0.065,-0.013,-0.018
1.45,0.73364,-0.045145,0.18299,0.998,0.065,-0.013,-0.018
1.5,0.73583,-0.04454,0.17554,0.998,0.065,-0.013,-0.018
1.55,0.73745,-0.044127,0.16909,0.998,0.065,-0.013,-0.018
1.6,0.7386,-0.043811,0.16375,0.998,0.065,-0.013,-0.018
1.65,0.73936,-0.043501,0.15967,0.998,0.065,-0.013,-0.018
1.7,0.73971,-0.043138,0.15673,0.998,0.065,-0.013,-0.018
1.75,0.73965,-0.042664,0.15481,0.998,0.065,-0.013,-0.018
1.8,0.73915,-0.042013,0.15388,0.998,0.065,-0.013,-0.018
1.85,0.73819,-0.041111,0.1539,0.998,0.065,-0.013,-0.018
1.9,0.7367,-0.039859,0.15487,0.998,0.065,-0.013,-0.018
1.95,0.73463,-0.038135,0.15677,0.998,0.065,-0.013,-0.018
2,0.73189,-0.035786,0.15956,0.998,0.065,-0.013,-0.018
2.05,0.72842,-0.032641,0.16313,0.998,0.065,-0.013,-0.018
2.1,0.72419,-0.028545,0.16722,0.998,0.065,-0.013,-0.018
2.15,0.71928,-0.023427,0.17145,0.998,0.065,-0.013,-0.018
2.2,0.71384,-0.017345,0.17531,0.998,0.065,-0.013,-0.018
2.25,0.70796,-0.010466,0.1784,0.998,0.065,-0.013,-0.018
2.3,0.70177,-0.0030064,0.18044,0.998,0.065,-0.013,-0.018
2.35,0.69537,0.0048145,0.18129,0.998,0.065,-0.013,-0.018
2.4,0.68886,0.012798,0.1809,0.998,0.065,-0.013,-0.018
2.45,0.68235,0.020775,0.17929,0.998,0.065,-0.013,-0.018
2.5,0.6759,0.028603,0.1765,0.998,0.065,-0.013,-0.018
2.55,0.6696,0.036167,0.17256,0.998,0.065,-0.013,-0.018
2.6,0.66349,0.043366,0.16751,0.998,0.065,-0.013,-0.018
2.65,0.65763,0.050109,0.16136,0.998,0.065,-0.013,-0.018
2.7,0.65206,0.056308,0.15415,0.998,0.065,-0.013,-0.018
2.75,0.64686,0.061871,0.14594,0.998,0.065,-0.013,-0.018
2.8,0.64209,0.066718,0.13688,0.998,0.065,-0.013,-0.018
2.85,0.63784,0.070805,0.12725,0.998,0.065,-0.013,-0.018
2.9,0.63418,0.074171,0.11751,0.998,0.065,-0.013,-0.018
2.95,0.63112,0.07696,0.10824,0.998,0.065,-0.013,-0.018
3,0.62864,0.079338,0.099913,0.998,0.065,-0.013,-0.018
3.05,0.62667,0.081412,0.092823,0.998,0.065,-0.013,-0.018
3.1,0.62516,0.083226,0.08714,0.998,0.065,-0.013,-0.018
3.15,0.62404,0.084789,0.082927,0.998,0.065,-0.013,-0.018
3.2,0.62321,0.086114,0.08016,0.998,0.065,-0.013,-0.018
3.25,0.62257,0.087249,0.078722,0.998,0.065,-0.013,-0.018
3.3,0.62197,0.088277,0.078415,0.998,0.065,-0.013,-0.018
3.35,0.6215,0.089326,0.079261,0.998,0.065,-0.013,-0.018
3.4,0.62117,0.090516,0.081243,0.998,0.065,-0.013,-0.018
3.45,0.62101,0.091954,0.084323,0.998,0.065,-0.013,-0.018
3.5,0.62104,0.093731,0.088449,0.998,0.065,-0.013,-0.018
3.55,0.62127,0.095924,0.093557,0.998,0.065,-0.013,-0.018
3.6,0.62171,0.098593,0.099558,0.998,0.065,-0.013,-0.018
3.65,0.62233,0.10177,0.10633,0.998,0.065,-0.013,-0.018
3.7,0.6231,0.10547,0.11368,0.998,0.065,-0.013,-0.018
3.75,0.62394,0.10963,0.12137,0.998,0.065,-0.013,-0.018
3.8,0.6247,0.11414,0.12909,0.998,0.065,-0.013,-0.018
3.85,0.62526,0.11887,0.13653,0.998,0.065,-0.013,-0.018
3.9,0.62548,0.12368,0.14348,0.998,0.065,-0.013,-0.018
3.95,0.62532,0.12847,0.14982,0.998,0.065,-0.013,-0.018
4,0.62474,0.13318,0.1555,0.998,0.065,-0.013,-0.018
4.05,0.62375,0.13777,0.16049,0.998,0.065,-0.013,-0.018
4.1,0.62236,0.14222,0.1648,0.998,0.065,-0.013,-0.018
4.15,0.6206,0.14649,0.1684,0.998,0.065,-0.013,-0.018
4.2,0.6185,0.15056,0.17131,0.998,0.065,-0.013,-0.018
4.25,0.61609,0.15441,0.17356,0.998,0.065,-0.013,-0.018
4.3,0.61339,0.15804,0.17518,0.998,0.065,-0.013,-0.018
4.35,0.6104,0.16142,0.17627,0.998,0.065,-0.013,-0.018
4.4,0.60714,0.16456,0.17687,0.998,0.065,-0.013,-0.018
4.45,0.6036,0.16745,0.17706,0.998,0.065,-0.013,-0.018
4.5,0.59976,0.1701,0.1769,0.998,0.065,-0.013,-0.018
4.55,0.59562,0.17253,0.17644,0.998,0.065,-0.013,-0.018
4.6,0.5912,0.17473,0.17572,0.998,0.065,-0.013,-0.018
4.65,0.58649,0.17676,0.17476,0.998,0.065,-0.013,-0.018
4.7,0.58152,0.17862,0.17357,0.998,0.065,-0.013,-0.018
4.75,0.57628,0.18035,0.17212,0.998,0.065,-0.013,-0.018
4.8,0.57079,0.18197,0.17038,0.998,0.065,-0.013,-0.018
4.85,0.56506,0.18351,0.16829,0.998,0.065,-0.013,-0.018
4.9,0.55913,0.18499,0.16582,0.998,0.065,-0.013,-0.018
4.95,0.55307,0.18639,0.16294,0.998,0.065,-0.013,-0.018
5,0.54695,0.1877,0.15963,0.998,0.065,-0.013,-0.018
