0.05,0.52769,-0.11312,0.46639,0.949,-0.314,-0.027,-0.013
0.1,0.53381,-0.11466,0.46489,0.949,-0.314,-0.027,-0.013
0.15,0.54002,-0.11611,0.46324,0.949,-0.314,-0.027,-0.013
0.2,0.5463,-0.11746,0.46142,0.949,-0.314,-0.027,-0.013
0.25,0.55264,-0.11872,0.45943,0.949,-0.314,-0.027,-0.013
0.3,0.559,-0.11989,0.45731,0.949,-0.314,-0.027,-0.013
0.35,0.56532,-0.12093,0.45511,0.949,-0.314,-0.027,-0.013
0.4,0.57148,-0.12177,0.45291,0.949,-0.314,-0.027,-0.013
0.45,0.57728,-0.12223,0.4508,0.949,-0.314,-0.027,-0.013
0.5,0.58252,-0.12192,0.44868,0.949,-0.314,-0.027,-0.013
0.55,0.58713,-0.12045,0.44616,0.949,-0.314,-0.027,-0.013
0.6,0.59133,-0.1178,0.44273,0.949,-0.314,-0.027,-0.013
0.65,0.59539,-0.11444,0.43814,0.949,-0.314,-0.027,-0.013
0.7,0.59956,-0.11102,0.43246,0.949,-0.314,-0.027,-0.013
0.75,0.60404,-0.10808,0.42578,0.949,-0.314,-0.027,-0.013
0.8,0.60892,-0.10594,0.41825,0.949,-0.314,-0.027,-0.013
0.85,0.61421,-0.10472,0.40999,0.949,-0.314,-0.027,-0.013
0.9,0.61984,-0.10437,0.40111,0.949,-0.314,-0.027,-0.013
0.95,0.62567,-0.10468,0.39168,0.949,-0.314,-0.027,-0.013
1,0.63152,-0.10538,0.38175,0.949,-0.314,-0.027,-0.013
1.05,0.63723,-0.10623,0.3713,0.949,-0.314,-0.027,-0.013
1.1,0.64267,-0.10703,0.36032,0.949,-0.314,-0.027,-0.013
1.15,0.64776,-0.10765,0.34881,0.949,-0.314,-0.027,-0.013
1.2,0.65245,-0.10803,0.33683,0.949,-0.314,-0.027,-0.013
1.25,0.65672,-0.10817,0.32446,0.949,-0.314,-0.027,-0.013
1.3,0.6606,-0.10808,0.31185,0.949,-0.314,-0.027,-0.013
1.35,0.66415,-0.10781,0.29918,0.949,-0.314,-0.027,-0.013
1.4,0.66744,-0.10742,0.28663,0.949,-0.314,-0.027,-0.013
1.45,0.67055,-0.10695,0.27435,0.949,-0.314,-0.027,-0.013
1.5,0.67352,-0.10648,0.26244,0.949,-0.314,-0.027,-0.013
1.55,0.6764,-0.10601,0.25097,0.949,-0.314,-0.027,-0.013
1.6,0.6792,-0.10559,0.23996,0.949,-0.314,-0.027,-0.013
1.65,0.68192,-0.10521,0.2294,0.949,-0.314,-0.027,-0.013
1.7,0.68458,-0.10489,0.2193,0.949,-0.314,-0.027,-0.013
1.75,0.68718,-0.10462,0.20964,0.949,-0.314,-0.027,-0.013
1.8,0.68971,-0.10441,0.20041,0.949,-0.314,-0.027,-0.013
1.85,0.69217,-0.10426,0.19162,0.949,-0.314,-0.027,-0.013
1.9,0.69458,-0.10416,0.18325,0.949,-0.314,-0.027,-0.013
1.95,0.69692,-0.10413,0.17531,0.949,-0.314,-0.027,-0.013
2,0.6992,-0.10414,0.16779,0.949,-0.314,-0.027,-0.013
2.05,0.70142,-0.10422,0.16069,0.949,-0.314,-0.027,-0.013
2.1,0.70357,-0.10435,0.15402,0.949,-0.314,-0.027,-0.013
2.15,0.70566,-0.10454,0.14777,0.949,-0.314,-0.027,-0.013
2.2,0.70769,-0.10478,0.14194,0.949,-0.314,-0.027,-0.013
2.25,0.70966,-0.10509,0.13653,0.949,-0.314,-0.027,-0.013
2.3,0.71157,-0.10545,0.13155,0.949,-0.314,-0.027,-0.013
2.35,0.71341,-0.10586,0.12699,0.949,-0.314,-0.027,-0.013
2.4,0.71519,-0.10633,0.12285,0.949,-0.314,-0.027,-0.013
2.45,0.7169,-0.10686,0.11914,0.949,-0.314,-0.027,-0.013
2.5,0.71856,-0.10745,0.11585,0.949,-0.314,-0.027,-0.013
2.55,0.72015,-0.10809,0.11298,0.949,-0.314,-0.027,-0.013
2.6,0.72168,-0.10879,0.11053,0.949,-0.314,-0.027,-0.013
2.65,0.72315,-0.10955,0.10851,0.949,-0.314,-0.027,-0.013
2.7,0.72455,-0.11036,0.10691,0.949,-0.314,-0.027,-0.013
2.75,0.72589,-0.11123,0.10573,0.949,-0.314,-0.027,-0.013
2.8,0.72717,-0.11216,0.10498,0.949,-0.314,-0.027,-0.013
2.85,0.72838,-0.11315,0.10466,0.949,-0.314,-0.027,-0.013
2.9,0.72954,-0.1142,0.10475,0.949,-0.314,-0.027,-0.013
2.95,0.73062,-0.11531,0.10528,0.949,-0.314,-0.027,-0.013
3,0.73165,-0.11648,0.10623,0.949,-0.314,-0.027,-0.013
3.05,0.7326,-0.11772,0.10762,0.949,-0.314,-0.027,-0.013
3.1,0.73349,-0.11904,0.10943,0.949,-0.314,-0.027,-0.013
3.15,0.73431,-0.12043,0.11167,0.949,-0.314,-0.027,-0.013
3.2,0.73506,-0.12191,0.11433,0.949,-0.314,-0.027,-0.013
3.25,0.73573,-0.12349,0.1174,0.949,-0.314,-0.027,-0.013
3.3,0.73633,-0.12518,0.12087,0.949,-0.314,-0.027,-0.013
3.35,0.73684,-0.127,0.12468,0.949,-0.314,-0.027,-0.013
3.4,0.73728,-0.12896,0.12879,0.949,-0.314,-0.027,-0.013
3.45,0.73764,-0.13109,0.13311,0.949,-0.314,-0.027,-0.013
3.5,0.73793,-0.13337,0.1375,0.949,-0.314,-0.027,-0.013
3.55,0.73818,-0.13583,0.14182,0.949,-0.314,-0.027,-0.013
3.6,0.73841,-0.13843,0.14588,0.949,-0.314,-0.027,-0.013
3.65,0.73865,-0.14117,0.14952,0.949,-0.314,-0.027,-0.013
3.7,0.73895,-0.14399,0.15259,0.949,-0.314,-0.027,-0.013
3.75,0.73931,-0.14686,0.15497,0.949,-0.314,-0.027,-0.013
3.8,0.73976,-0.14974,0.15663,0.949,-0.314,-0.027,-0.013
3.85,0.7403,-0.15258,0.15754,0.949,-0.314,-0.027,-0.013
3.9,0.74092,-0.15535,0.15773,0.949,-0.314,-0.027,-0.013
3.95,0.74163,-0.15802,0.15725,0.949,-0.314,-0.027,-0.013
4,0.74241,-0.16057,0.15613,0.949,-0.314,-0.027,-0.013
4.05,0.74324,-0.16298,0.15443,0.949,-0.314,-0.027,-0.013
4.1,0.74412,-0.16524,0.15221,0.949,-0.314,-0.027,-0.013
4.15,0.74503,-0.16735,0.1495,0.949,-0.314,-0.027,-0.013
4.2,0.74598,-0.1693,0.14634,0.949,-0.314,-0.027,-0.013
4.25,0.74695,-0.17108,0.14277,0.949,-0.314,-0.027,-0.013
4.3,0.74794,-0.1727,0.1388,0.949,-0.314,-0.027,-0.013
4.35,0.74894,-0.17415,0.13446,0.949,-0.314,-0.027,-0.013
4.4,0.74996,-0.17542,0.12976,0.949,-0.314,-0.027,-0.013
4.45,0.75098,-0.17653,0.12473,0.949,-0.314,-0.027,-0.013
4.5,0.75201,-0.17746,0.11936,0.949,-0.314,-0.027,-0.013
4.55,0.75304,-0.17822,0.11367,0.949,-0.314,-0.027,-0.013
4.6,0.75408,-0.17881,0.10767,0.949,-0.314,-0.027,-0.013
4.65,0.75512,-0.17923,0.10137,0.949,-0.314,-0.027,-0.013
4.7,0.75616,-0.17948,0.094758,0.949,-0.314,-0.027,-0.013
4.75,0.7572,-0.17956,0.087853,0.949,-0.314,-0.027,-0.013
4.8,0.75824,-0.17946,0.080654,0.949,-0.314,-0.027,-0.013
4.85,0.75928,-0.1792,0.073166,0.949,-0.314,-0.027,-0.013
4.9,0.76031,-0.17876,0.065391,0.949,-0.314,-0.027,-0.013
4.95,0.76135,-0.17816,0.057332,0.949,-0.314,-0.027,-0.013
5,0.76238,-0.17738,0.048991,0.949,-0.314,-0.027,-0.013
