0.05,0.85601,0.15716,0.35857,0.949,-0.314,-0.027,-0.013
0.1,0.85427,0.14962,0.35975,0.949,-0.314,-0.027,-0.013
0.15,0.8526,0.14217,0.36078,0.949,-0.314,-0.027,-0.013
0.2,0.85108,0.13485,0.36162,0.949,-0.314,-0.027,-0.013
0.25,0.84975,0.12774,0.36224,0.949,-0.314,-0.027,-0.013
0.3,0.84871,0.12093,0.36264,0.949,-0.314,-0.027,-0.013
0.35,0.84811,0.11459,0.36278,0.949,-0.314,-0.027,-0.013
0.4,0.84815,0.10899,0.36262,0.949,-0.314,-0.027,-0.013
0.45,0.84899,0.10453,0.36207,0.949,-0.314,-0.027,-0.013
0.5,0.85047,0.10141,0.36092,0.949,-0.314,-0.027,-0.013
0.55,0.85184,0.099237,0.35885,0.949,-0.314,-0.027,-0.013
0.6,0.85243,0.09732,0.35563,0.949,-0.314,-0.027,-0.013
0.65,0.85236,0.095296,0.35122,0.949,-0.314,-0.027,-0.013
0.7,0.8521,0.092917,0.34571,0.949,-0.314,-0.027,-0.013
0.75,0.85198,0.089841,0.33922,0.949,-0.314,-0.027,-0.013
0.8,0.8521,0.085748,0.33187,0.949,-0.314,-0.027,-0.013
0.85,0.85243,0.080465,0.32378,0.949,-0.314,-0.027,-0.013
0.9,0.85288,0.07404,0.31507,0.949,-0.314,-0.027,-0.013
0.95,0.85337,0.066751,0.30582,0.949,-0.314,-0.027,-0.013
1,0.85385,0.059046,0.29606,0.949,-0.314,-0.027,-0.013
1.05,0.85437,0.051446,0.2858,0.949,-0.314,-0.027,-0.013
1.1,0.855,0.044442,0.27502,0.949,-0.314,-0.027,-0.013
1.15,0.85584,0.038412,0.26373,0.949,-0.314,-0.027,-0.013
1.2,0.85692,0.033578,0.25202,0.949,-0.314,-0.027,-0.013
1.25,0.85822,0.02997,0.23999,0.949,-0.314,-0.027,-0.013
1.3,0.8596,0.027422,0.22784,0.949,-0.314,-0.027,-0.013
1.35,0.8609,0.025618,0.21577,0.949,-0.314,-0.027,-0.013
1.4,0.86194,0.024204,0.20398,0.949,-0.314,-0.027,-0.013
1.45,0.86267,0.022904,0.1926,0.949,-0.314,-0.027,-0.013
1.5,0.86307,0.02156,0.18172,0.949,-0.314,-0.027,-0.013
1.55,0.86321,0.020114,0.17135,0.949,-0.314,-0.027,-0.013
1.6,0.86315,0.018558,0.16149,0.949,-0.314,-0.027,-0.013
1.65,0.86295,0.016906,0.15212,0.949,-0.314,-0.027,-0.013
1.7,0.86264,0.015172,0.14322,0.949,-0.314,-0.027,-0.013
1.75,0.86224,0.013367,0.13478,0.949,-0.314,-0.027,-0.013
1.8,0.86177,0.011497,0.12677,0.949,-0.314,-0.027,-0.013
1.85,0.86123,0.0095655,0.1192,0.949,-0.314,-0.027,-0.013
1.9,0.86062,0.0075757,0.11205,0.949,-0.314,-0.027,-0.013
1.95,0.85995,0.0055281,0.10533,0.949,-0.314,-0.027,-0.013
2,0.85922,0.0034234,0.099031,0.949,-0.314,-0.027,-0.013
2.05,0.85842,0.0012617,0.093157,0.949,-0.314,-0.027,-0.013
2.1,0.85756,-0.00095677,0.087706,0.949,-0.314,-0.027,-0.013
2.15,0.85664,-0.0032321,0.082678,0.949,-0.314,-0.027,-0.013
2.2,0.85566,-0.0055641,0.078073,0.949,-0.314,-0.027,-0.013
2.25,0.85461,-0.0079529,0.07389,0.949,-0.314,-0.027,-0.013
2.3,0.8535,-0.010399,0.07013,0.949,-0.314,-0.027,-0.013
2.35,0.85233,-0.012901,0.066793,0.949,-0.314,-0.027,-0.013
2.4,0.8511,-0.01546,0.063878,0.949,-0.314,-0.027,-0.013
2.45,0.8498,-0.018076,0.061386,0.949,-0.314,-0.027,-0.013
2.5,0.84844,-0.020748,0.059317,0.949,-0.314,-0.027,-0.013
2.55,0.84702,-0.023478,0.057671,0.949,-0.314,-0.027,-0.013
2.6,0.84554,-0.026264,0.056448,0.949,-0.314,-0.027,-0.013
2.65,0.84399,-0.029107,0.055648,0.949,-0.314,-0.027,-0.013
2.7,0.84238,-0.032007,0.055271,0.949,-0.314,-0.027,-0.013
2.75,0.84071,-0.034964,0.055317,0.949,-0.314,-0.027,-0.013
2.8,0.83898,-0.037978,0.055787,0.949,-0.314,-0.027,-0.013
2.85,0.83719,-0.041049,0.05668,0.949,-0.314,-0.027,-0.013
2.9,0.83533,-0.044177,0.057998,0.949,-0.314,-0.027,-0.013
2.95,0.83343,-0.047363,0.05974,0.949,-0.314,-0.027,-0.013
3,0.83146,-0.050605,0.061906,0.949,-0.314,-0.027,-0.013
3.05,0.82945,-0.053905,0.064494,0.949,-0.314,-0.027,-0.013
3.1,0.82739,-0.05726,0.067502,0.949,-0.314,-0.027,-0.013
3.15,0.82529,-0.060669,0.070922,0.949,-0.314,-0.027,-0.013
3.2,0.82318,-0.06413,0.074745,0.949,-0.314,-0.027,-0.013
3.25,0.82107,-0.067637,0.078949,0.949,-0.314,-0.027,-0.013
3.3,0.81899,-0.071184,0.083502,0.949,-0.314,-0.027,-0.013
3.35,0.81696,-0.074762,0.088352,0.949,-0.314,-0.027,-0.013
3.4,0.81503,-0.078363,0.093426,0.949,-0.314,-0.027,-0.013
3.45,0.81323,-0.081978,0.098622,0.949,-0.314,-0.027,-0.013
3.5,0.81158,-0.085606,0.10381,0.949,-0.314,-0.027,-0.013
3.55,0.81008,-0.089254,0.10885,0.949,-0.314,-0.027,-0.013
3.6,0.80874,-0.092938,0.11358,0.949,-0.314,-0.027,-0.013
3.65,0.80749,-0.096677,0.11787,0.949,-0.314,-0.027,-0.013
3.7,0.80631,-0.10049,0.12159,0.949,-0.314,-0.027,-0.013
3.75,0.80513,-0.10438,0.12468,0.949,-0.314,-0.027,-0.013
3.8,0.80393,-0.10835,0.1271,0.949,-0.314,-0.027,-0.013
3.85,0.80267,-0.11238,0.12885,0.949,-0.314,-0.027,-0.013
3.9,0.80134,-0.11643,0.12996,0.949,-0.314,-0.027,-0.013
3.95,0.79994,-0.12047,0.13046,0.949,-0.314,-0.027,-0.013
4,0.79848,-0.12448,0.13039,0.949,-0.314,-0.027,-0.013
4.05,0.79697,-0.12842,0.12981,0.949,-0.314,-0.027,-0.013
4.1,0.79541,-0.13228,0.12874,0.949,-0.314,-0.027,-0.013
4.15,0.79381,-0.13604,0.12722,0.949,-0.314,-0.027,-0.013
4.2,0.79217,-0.13967,0.12528,0.949,-0.314,-0.027,-0.013
4.25,0.79051,-0.14317,0.12295,0.949,-0.314,-0.027,-0.013
4.3,0.78883,-0.14653,0.12025,0.949,-0.314,-0.027,-0.013
4.35,0.78713,-0.14974,0.11719,0.949,-0.314,-0.027,-0.013
4.4,0.78541,-0.1528,0.11378,0.949,-0.314,-0.027,-0.013
4.45,0.78369,-0.15571,0.11005,0.949,-0.314,-0.027,-0.013
4.5,0.78195,-0.15845,0.10599,0.949,-0.314,-0.027,-0.013
4.55,0.7802,-0.16103,0.10162,0.949,-0.314,-0.027,-0.013
4.6,0.77844,-0.16344,0.096944,0.949,-0.314,-0.027,-0.013
4.65,0.77668,-0.16569,0.091964,0.949,-0.314,-0.027,-0.013
4.7,0.77491,-0.16777,0.086686,0.949,-0.314,-0.027,-0.013
4.75,0.77313,-0.16969,0.081113,0.949,-0.314,-0.027,-0.013
4.8,0.77135,-0.17144,0.07525,0.949,-0.314,-0.027,-0.013
4.85,0.76956,-0.17302,0.069099,0.949,-0.314,-0.027,-0.013
4.9,0.76777,-0.17443,0.062663,0.949,-0.314,-0.027,-0.013
4.95,0.76598,-0.17567,0.055943,0.949,-0.314,-0.027,-0.013
5,0.76418,-0.17674,0.048943,0.949,-0.314,-0.027,-0.013
