0.05,0.74226,-0.43632,0.4333,0.949,-0.314,-0.027,-0.013
0.1,0.74353,-0.43077,0.43362,0.949,-0.314,-0.027,-0.013
0.15,0.74489,-0.42512,0.43378,0.949,-0.314,-0.027,-0.013
0.2,0.74636,-0.41944,0.43376,0.949,-0.314,-0.027,-0.013
0.25,0.74797,-0.41379,0.43354,0.949,-0.314,-0.027,-0.013
0.3,0.74978,-0.40828,0.43313,0.949,-0.314,-0.027,-0.013
0.35,0.75185,-0.40307,0.43252,0.949,-0.314,-0.027,-0.013
0.4,0.75429,-0.39836,0.43172,0.949,-0.314,-0.027,-0.013
0.45,0.75717,-0.39425,0.43071,0.949,-0.314,-0.027,-0.013
0.5,0.76044,-0.39032,0.42937,0.949,-0.314,-0.027,-0.013
0.55,0.76377,-0.3854,0.4274,0.949,-0.314,-0.027,-0.013
0.6,0.76684,-0.37866,0.42448,0.949,-0.314,-0.027,-0.013
0.65,0.76969,-0.37052,0.42045,0.949,-0.314,-0.027,-0.013
0.7,0.77255,-0.36196,0.41536,0.949,-0.314,-0.027,-0.013
0.75,0.77568,-0.35367,0.40929,0.949,-0.314,-0.027,-0.013
0.8,0.77918,-0.34603,0.4024,0.949,-0.314,-0.027,-0.013
0.85,0.78306,-0.33911,0.39481,0.949,-0.314,-0.027,-0.013
0.9,0.78724,-0.33284,0.38664,0.949,-0.314,-0.027,-0.013
0.95,0.79159,-0.32708,0.37795,0.949,-0.314,-0.027,-0.013
1,0.79595,-0.32171,0.36876,0.949,-0.314,-0.027,-0.013
1.05,0.8002,-0.31669,0.35902,0.949,-0.314,-0.027,-0.013
1.1,0.80426,-0.31206,0.34869,0.949,-0.314,-0.027,-0.013
1.15,0.80805,-0.3079,0.33775,0.949,-0.314,-0.027,-0.013
1.2,0.81153,-0.30428,0.32622,0.949,-0.314,-0.027,-0.013
1.25,0.81463,-0.30117,0.31419,0.949,-0.314,-0.027,-0.013
1.3,0.81729,-0.29842,0.30182,0.949,-0.314,-0.027,-0.013
1.35,0.81947,-0.29583,0.28931,0.949,-0.314,-0.027,-0.013
1.4,0.82117,-0.2932,0.27687,0.949,-0.314,-0.027,-0.013
1.45,0.82246,-0.29039,0.26469,0.949,-0.314,-0.027,-0.013
1.5,0.8234,-0.28741,0.25287,0.949,-0.314,-0.027,-0.013
1.55,0.82409,-0.2843,0.24149,0.949,-0.314,-0.027,-0.013
1.6,0.8246,-0.28111,0.23056,0.949,-0.314,-0.027,-0.013
1.65,0.82498,-0.2779,0.2201,0.949,-0.314,-0.027,-0.013
1.7,0.82525,-0.2747,0.21009,0.949,-0.314,-0.027,-0.013
1.75,0.82544,-0.27154,0.20053,0.949,-0.314,-0.027,-0.013
1.8,0.82556,-0.26843,0.1914,0.949,-0.314,-0.027,-0.013
1.85,0.82561,-0.26536,0.1827,0.949,-0.314,-0.027,-0.013
1.9,0.8256,-0.26235,0.17443,0.949,-0.314,-0.027,-0.013
1.95,0.82552,-0.2594,0.16658,0.949,-0.314,-0.027,-0.013
2,0.82538,-0.2565,0.15915,0.949,-0.314,-0.027,-0.013
2.05,0.82518,-0.25366,0.15215,0.949,-0.314,-0.027,-0.013
2.1,0.82491,-0.25087,0.14558,0.949,-0.314,-0.027,-0.013
2.15,0.82459,-0.24814,0.13942,0.949,-0.314,-0.027,-0.013
2.2,0.82419,-0.24547,0.13369,0.949,-0.314,-0.027,-0.013
2.25,0.82374,-0.24286,0.12838,0.949,-0.314,-0.027,-0.013
2.3,0.82323,-0.2403,0.12349,0.949,-0.314,-0.027,-0.013
2.35,0.82265,-0.2378,0.11903,0.949,-0.314,-0.027,-0.013
2.4,0.82201,-0.23535,0.11498,0.949,-0.314,-0.027,-0.013
2.45,0.8213,-0.23297,0.11137,0.949,-0.314,-0.027,-0.013
2.5,0.82054,-0.23063,0.10817,0.949,-0.314,-0.027,-0.013
2.55,0.81971,-0.22836,0.1054,0.949,-0.314,-0.027,-0.013
2.6,0.81882,-0.22614,0.10305,0.949,-0.314,-0.027,-0.013
2.65,0.81787,-0.22399,0.10112,0.949,-0.314,-0.027,-0.013
2.7,0.81685,-0.22188,0.099616,0.949,-0.314,-0.027,-0.013
2.75,0.81577,-0.21984,0.098536,0.949,-0.314,-0.027,-0.013
2.8,0.81463,-0.21786,0.09788,0.949,-0.314,-0.027,-0.013
2.85,0.81343,-0.21593,0.097648,0.949,-0.314,-0.027,-0.013
2.9,0.81217,-0.21407,0.097843,0.949,-0.314,-0.027,-0.013
2.95,0.81085,-0.21228,0.098463,0.949,-0.314,-0.027,-0.013
3,0.80948,-0.21057,0.099512,0.949,-0.314,-0.027,-0.013
3.05,0.80805,-0.20893,0.10099,0.949,-0.314,-0.027,-0.013
3.1,0.80657,-0.20739,0.10289,0.949,-0.314,-0.027,-0.013
3.15,0.80505,-0.20596,0.10522,0.949,-0.314,-0.027,-0.013
3.2,0.8035,-0.20467,0.10798,0.949,-0.314,-0.027,-0.013
3.25,0.80194,-0.20356,0.11114,0.949,-0.314,-0.027,-0.013
3.3,0.80038,-0.20265,0.11469,0.949,-0.314,-0.027,-0.013
3.35,0.79886,-0.20202,0.11859,0.949,-0.314,-0.027,-0.013
3.4,0.79739,-0.20169,0.12278,0.949,-0.314,-0.027,-0.013
3.45,0.79601,-0.20172,0.12716,0.949,-0.314,-0.027,-0.013
3.5,0.79474,-0.20214,0.13162,0.949,-0.314,-0.027,-0.013
3.55,0.79359,-0.20291,0.13601,0.949,-0.314,-0.027,-0.013
3.6,0.79255,-0.204,0.14014,0.949,-0.314,-0.027,-0.013
3.65,0.7916,-0.20531,0.14385,0.949,-0.314,-0.027,-0.013
3.7,0.7907,-0.20673,0.147,0.949,-0.314,-0.027,-0.013
3.75,0.78981,-0.20813,0.14949,0.949,-0.314,-0.027,-0.013
3.8,0.78892,-0.20944,0.15126,0.949,-0.314,-0.027,-0.013
3.85,0.788,-0.21058,0.15231,0.949,-0.314,-0.027,-0.013
3.9,0.78704,-0.2115,0.15264,0.949,-0.314,-0.027,-0.013
3.95,0.78604,-0.21219,0.15231,0.949,-0.314,-0.027,-0.013
4,0.785,-0.21263,0.15136,0.949,-0.314,-0.027,-0.013
4.05,0.78393,-0.21283,0.14985,0.949,-0.314,-0.027,-0.013
4.1,0.78283,-0.21279,0.14781,0.949,-0.314,-0.027,-0.013
4.15,0.7817,-0.21252,0.1453,0.949,-0.314,-0.027,-0.013
4.2,0.78055,-0.21204,0.14234,0.949,-0.314,-0.027,-0.013
4.25,0.77939,-0.21134,0.13896,0.949,-0.314,-0.027,-0.013
4.3,0.77821,-0.21044,0.1352,0.949,-0.314,-0.027,-0.013
4.35,0.77702,-0.20933,0.13107,0.949,-0.314,-0.027,-0.013
4.4,0.77581,-0.20803,0.12658,0.949,-0.314,-0.027,-0.013
4.45,0.7746,-0.20654,0.12176,0.949,-0.314,-0.027,-0.013
4.5,0.77339,-0.20486,0.11661,0.949,-0.314,-0.027,-0.013
4.55,0.77216,-0.203,0.11113,0.949,-0.314,-0.027,-0.013
4.6,0.77093,-0.20096,0.10535,0.949,-0.314,-0.027,-0.013
4.65,0.76969,-0.19873,0.099257,0.949,-0.314,-0.027,-0.013
4.7,0.76845,-0.19633,0.092866,0.949,-0.314,-0.027,-0.013
4.75,0.7672,-0.19375,0.086177,0.949,-0.314,-0.027,-0.013
4.8,0.76595,-0.191,0.079197,0.949,-0.314,-0.027,-0.013
4.85,0.7647,-0.18807,0.071926,0.949,-0.314,-0.027,-0.013
4.9,0.76344,-0.18497,0.064369,0.949,-0.314,-0.027,-0.013
4.95,0.76218,-0.18169,0.056528,0.949,-0.314,-0.027,-0.013
5,0.76091,-0.17824,0.048405,0.949,-0.314,-0.027,-0.013
