0.05,0.49106,-0.40592,0.22724,0.949,-0.314,-0.027,-0.013
0.1,0.49723,-0.40068,0.22992,0.949,-0.314,-0.027,-0.013
0.15,0.50349,-0.39535,0.23245,0.949,-0.314,-0.027,-0.013
0.2,0.50982,-0.38998,0.23477,0.949,-0.314,-0.027,-0.013
0.25,0.5162,-0.38463,0.23686,0.949,-0.314,-0.027,-0.013
0.3,0.52261,-0.37942,0.23866,0.949,-0.314,-0.027,-0.013
0.35,0.52899,-0.37447,0.24013,0.949,-0.314,-0.027,-0.013
0.4,0.53524,-0.36998,0.24118,0.949,-0.314,-0.027,-0.013
0.45,0.54122,-0.36599,0.24169,0.949,-0.314,-0.027,-0.013
0.5,0.54683,-0.36199,0.24153,0.949,-0.314,-0.027,-0.013
0.55,0.55221,-0.35678,0.24066,0.949,-0.314,-0.027,-0.013
0.6,0.55759,-0.34952,0.23904,0.949,-0.314,-0.027,-0.013
0.65,0.56308,-0.34076,0.23653,0.949,-0.314,-0.027,-0.013
0.7,0.5688,-0.33154,0.23307,0.949,-0.314,-0.027,-0.013
0.75,0.57487,-0.32258,0.22871,0.949,-0.314,-0.027,-0.013
0.8,0.58142,-0.3142,0.22356,0.949,-0.314,-0.027,-0.013
0.85,0.58847,-0.30649,0.21778,0.949,-0.314,-0.027,-0.013
0.9,0.59595,-0.29938,0.21148,0.949,-0.314,-0.027,-0.013
0.95,0.60368,-0.29273,0.20472,0.949,-0.314,-0.027,-0.013
1,0.61145,-0.28647,0.19747,0.949,-0.314,-0.027,-0.013
1.05,0.619,-0.2806,0.18963,0.949,-0.314,-0.027,-0.013
1.1,0.62614,-0.2752,0.18109,0.949,-0.314,-0.027,-0.013
1.15,0.63269,-0.27041,0.17179,0.949,-0.314,-0.027,-0.013
1.2,0.63855,-0.26633,0.16175,0.949,-0.314,-0.027,-0.013
1.25,0.6437,-0.26295,0.1511,0.949,-0.314,-0.027,-0.013
1.3,0.64819,-0.26015,0.1401,0.949,-0.314,-0.027,-0.013
1.35,0.65215,-0.25769,0.12906,0.949,-0.314,-0.027,-0.013
1.4,0.65574,-0.25533,0.11828,0.949,-0.314,-0.027,-0.013
1.45,0.65909,-0.25292,0.10798,0.949,-0.314,-0.027,-0.013
1.5,0.66229,-0.2504,0.098249,0.949,-0.314,-0.027,-0.013
1.55,0.66539,-0.2478,0.089108,0.949,-0.314,-0.027,-0.013
1.6,0.66841,-0.24515,0.080531,0.949,-0.314,-0.027,-0.013
1.65,0.67137,-0.24249,0.072477,0.949,-0.314,-0.027,-0.013
1.7,0.67426,-0.23986,0.064911,0.949,-0.314,-0.027,-0.013
1.75,0.67709,-0.23726,0.057807,0.949,-0.314,-0.027,-0.013
1.8,0.67986,-0.23471,0.051149,0.949,-0.314,-0.027,-0.013
1.85,0.68257,-0.23222,0.044925,0.949,-0.314,-0.027,-0.013
1.9,0.68521,-0.22978,0.03913,0.949,-0.314,-0.027,-0.013
1.95,0.68779,-0.22739,0.033761,0.949,-0.314,-0.027,-0.013
2,0.69031,-0.22506,0.028816,0.949,-0.314,-0.027,-0.013
2.05,0.69277,-0.22279,0.024294,0.949,-0.314,-0.027,-0.013
2.1,0.69516,-0.22058,0.020195,0.949,-0.314,-0.027,-0.013
2.15,0.69749,-0.21842,0.016519,0.949,-0.314,-0.027,-0.013
2.2,0.69976,-0.21632,0.013266,0.949,-0.314,-0.027,-0.013
2.25,0.70197,-0.21428,0.010436,0.949,-0.314,-0.027,-0.013
2.3,0.70411,-0.21229,0.0080281,0.949,-0.314,-0.027,-0.013
2.35,0.70619,-0.21036,0.006043,0.949,-0.314,-0.027,-0.013
2.4,0.70821,-0.20848,0.0044808,0.949,-0.314,-0.027,-0.013
2.45,0.71017,-0.20667,0.0033412,0.949,-0.314,-0.027,-0.013
2.5,0.71206,-0.20491,0.0026245,0.949,-0.314,-0.027,-0.013
2.55,0.71389,-0.2032,0.0023305,0.949,-0.314,-0.027,-0.013
2.6,0.71566,-0.20156,0.0024593,0.949,-0.314,-0.027,-0.013
2.65,0.71736,-0.19997,0.003011,0.949,-0.314,-0.027,-0.013
2.7,0.71901,-0.19844,0.0039856,0.949,-0.314,-0.027,-0.013
2.75,0.72059,-0.19696,0.0053832,0.949,-0.314,-0.027,-0.013
2.8,0.7221,-0.19555,0.0072037,0.949,-0.314,-0.027,-0.013
2.85,0.72356,-0.1942,0.0094469,0.949,-0.314,-0.027,-0.013
2.9,0.72495,-0.19291,0.012113,0.949,-0.314,-0.027,-0.013
2.95,0.72627,-0.19168,0.015199,0.949,-0.314,-0.027,-0.013
3,0.72753,-0.19053,0.018706,0.949,-0.314,-0.027,-0.013
3.05,0.72872,-0.18946,0.022628,0.949,-0.314,-0.027,-0.013
3.1,0.72985,-0.18847,0.026958,0.949,-0.314,-0.027,-0.013
3.15,0.7309,-0.1876,0.031686,0.949,-0.314,-0.027,-0.013
3.2,0.73187,-0.18685,0.036792,0.949,-0.314,-0.027,-0.013
3.25,0.73277,-0.18626,0.042246,0.949,-0.314,-0.027,-0.013
3.3,0.73358,-0.18587,0.048001,0.949,-0.314,-0.027,-0.013
3.35,0.73429,-0.18571,0.053991,0.949,-0.314,-0.027,-0.013
3.4,0.73491,-0.18583,0.060126,0.949,-0.314,-0.027,-0.013
3.45,0.73544,-0.18627,0.066291,0.949,-0.314,-0.027,-0.013
3.5,0.73588,-0.18705,0.072353,0.949,-0.314,-0.027,-0.013
3.55,0.73625,-0.18816,0.078169,0.949,-0.314,-0.027,-0.013
3.6,0.73659,-0.18955,0.083604,0.949,-0.314,-0.027,-0.013
3.65,0.73693,-0.19114,0.088549,0.949,-0.314,-0.027,-0.013
3.7,0.7373,-0.19283,0.092925,0.949,-0.314,-0.027,-0.013
3.75,0.73774,-0.19454,0.096691,0.949,-0.314,-0.027,-0.013
3.8,0.73826,-0.19616,0.099839,0.949,-0.314,-0.027,-0.013
3.85,0.73887,-0.19764,0.10238,0.949,-0.314,-0.027,-0.013
3.9,0.73957,-0.19893,0.10435,0.949,-0.314,-0.027,-0.013
3.95,0.74036,-0.20002,0.10577,0.949,-0.314,-0.027,-0.013
4,0.74122,-0.20088,0.10668,0.949,-0.314,-0.027,-0.013
4.05,0.74213,-0.20153,0.10712,0.949,-0.314,-0.027,-0.013
4.1,0.7431,-0.20196,0.10712,0.949,-0.314,-0.027,-0.013
4.15,0.74411,-0.20217,0.1067,0.949,-0.314,-0.027,-0.013
4.2,0.74515,-0.20218,0.1059,0.949,-0.314,-0.027,-0.013
4.25,0.74622,-0.20198,0.10472,0.949,-0.314,-0.027,-0.013
4.3,0.7473,-0.20158,0.10318,0.949,-0.314,-0.027,-0.013
4.35,0.7484,-0.20099,0.1013,0.949,-0.314,-0.027,-0.013
4.4,0.74952,-0.20022,0.099096,0.949,-0.314,-0.027,-0.013
4.45,0.75064,-0.19925,0.096565,0.949,-0.314,-0.027,-0.013
4.5,0.75177,-0.1981,0.093721,0.949,-0.314,-0.027,-0.013
4.55,0.7529,-0.19677,0.090568,0.949,-0.314,-0.027,-0.013
4.6,0.75404,-0.19526,0.087112,0.949,-0.314,-0.027,-0.013
4.65,0.75518,-0.19357,0.083359,0.949,-0.314,-0.027,-0.013
4.7,0.75632,-0.1917,0.07931,0.949,-0.314,-0.027,-0.013
4.75,0.75746,-0.18966,0.07497,0.949,-0.314,-0.027,-0.013
4.8,0.75861,-0.18744,0.070342,0.949,-0.314,-0.027,-0.013
4.85,0.75975,-0.18505,0.065427,0.949,-0.314,-0.027,-0.013
4.9,0.76088,-0.18248,0.060228,0.949,-0.314,-0.027,-0.013
4.95,0.76202,-0.17975,0.054748,0.949,-0.314,-0.027,-0.013
5,0.76316,-0.17684,0.048987,0.949,-0.314,-0.027,-0.013
