0.05,0.50258,-0.09296,0.32583,0.949,-0.314,-0.027,-0.013
0.1,0.50861,-0.094922,0.3265,0.949,-0.314,-0.027,-0.013
0.15,0.51472,-0.096795,0.32702,0.949,-0.314,-0.027,-0.013
0.2,0.52091,-0.098571,0.32736,0.949,-0.314,-0.027,-0.013
0.25,0.52716,-0.10024,0.32749,0.949,-0.314,-0.027,-0.013
0.3,0.53343,-0.1018,0.32741,0.949,-0.314,-0.027,-0.013
0.35,0.53968,-0.10322,0.32711,0.949,-0.314,-0.027,-0.013
0.4,0.54578,-0.10439,0.3266,0.949,-0.314,-0.027,-0.013
0.45,0.55155,-0.10511,0.32583,0.949,-0.314,-0.027,-0.013
0.5,0.5568,-0.10499,0.32469,0.949,-0.314,-0.027,-0.013
0.55,0.56151,-0.10366,0.32295,0.949,-0.314,-0.027,-0.013
0.6,0.56588,-0.10115,0.32033,0.949,-0.314,-0.027,-0.013
0.65,0.57015,-0.097955,0.31667,0.949,-0.314,-0.027,-0.013
0.7,0.57455,-0.094724,0.31198,0.949,-0.314,-0.027,-0.013
0.75,0.57926,-0.091973,0.30634,0.949,-0.314,-0.027,-0.013
0.8,0.58439,-0.090025,0.29987,0.949,-0.314,-0.027,-0.013
0.85,0.58994,-0.089001,0.29271,0.949,-0.314,-0.027,-0.013
0.9,0.59583,-0.08884,0.28497,0.949,-0.314,-0.027,-0.013
0.95,0.60193,-0.089342,0.27672,0.949,-0.314,-0.027,-0.013
1,0.60804,-0.090242,0.26797,0.949,-0.314,-0.027,-0.013
1.05,0.61402,-0.09128,0.25867,0.949,-0.314,-0.027,-0.013
1.1,0.61971,-0.092254,0.24879,0.949,-0.314,-0.027,-0.013
1.15,0.62502,-0.093041,0.23829,0.949,-0.314,-0.027,-0.013
1.2,0.62991,-0.093582,0.22722,0.949,-0.314,-0.027,-0.013
1.25,0.63436,-0.093872,0.21572,0.949,-0.314,-0.027,-0.013
1.3,0.6384,-0.093943,0.20397,0.949,-0.314,-0.027,-0.013
1.35,0.64213,-0.09385,0.19224,0.949,-0.314,-0.027,-0.013
1.4,0.64561,-0.093662,0.18076,0.949,-0.314,-0.027,-0.013
1.45,0.64894,-0.093438,0.1697,0.949,-0.314,-0.027,-0.013
1.5,0.65216,-0.093224,0.15914,0.949,-0.314,-0.027,-0.013
1.55,0.65529,-0.093047,0.14912,0.949,-0.314,-0.027,-0.013
1.6,0.65836,-0.09292,0.13963,0.949,-0.314,-0.027,-0.013
1.65,0.66136,-0.09285,0.13063,0.949,-0.314,-0.027,-0.013
1.7,0.66429,-0.092838,0.12211,0.949,-0.314,-0.027,-0.013
1.75,0.66717,-0.092885,0.11405,0.949,-0.314,-0.027,-0.013
1.8,0.66998,-0.092989,0.10642,0.949,-0.314,-0.027,-0.013
1.85,0.67273,-0.093152,0.099232,0.949,-0.314,-0.027,-0.013
1.9,0.67542,-0.093372,0.092469,0.949,-0.314,-0.027,-0.013
1.95,0.67805,-0.093648,0.086131,0.949,-0.314,-0.027,-0.013
2,0.68061,-0.093982,0.080217,0.949,-0.314,-0.027,-0.013
2.05,0.68311,-0.094372,0.074727,0.949,-0.314,-0.027,-0.013
2.1,0.68555,-0.094819,0.069659,0.949,-0.314,-0.027,-0.013
2.15,0.68792,-0.095323,0.065014,0.949,-0.314,-0.027,-0.013
2.2,0.69024,-0.095884,0.060792,0.949,-0.314,-0.027,-0.013
2.25,0.69249,-0.096501,0.056993,0.949,-0.314,-0.027,-0.013
2.3,0.69468,-0.097175,0.053617,0.949,-0.314,-0.027,-0.013
2.35,0.6968,-0.097906,0.050663,0.949,-0.314,-0.027,-0.013
2.4,0.69886,-0.098694,0.048132,0.949,-0.314,-0.027,-0.013
2.45,0.70086,-0.099538,0.046023,0.949,-0.314,-0.027,-0.013
2.5,0.7028,-0.10044,0.044338,0.949,-0.314,-0.027,-0.013
2.55,0.70468,-0.1014,0.043075,0.949,-0.314,-0.027,-0.013
2.6,0.70649,-0.10241,0.042235,0.949,-0.314,-0.027,-0.013
2.65,0.70824,-0.10348,0.041818,0.949,-0.314,-0.027,-0.013
2.7,0.70993,-0.10461,0.041824,0.949,-0.314,-0.027,-0.013
2.75,0.71155,-0.1058,0.042254,0.949,-0.314,-0.027,-0.013
2.8,0.71311,-0.10705,0.043107,0.949,-0.314,-0.027,-0.013
2.85,0.71461,-0.10835,0.044383,0.949,-0.314,-0.027,-0.013
2.9,0.71605,-0.10971,0.046083,0.949,-0.314,-0.027,-0.013
2.95,0.71742,-0.11113,0.048206,0.949,-0.314,-0.027,-0.013
3,0.71872,-0.11262,0.050752,0.949,-0.314,-0.027,-0.013
3.05,0.71996,-0.11417,0.053719,0.949,-0.314,-0.027,-0.013
3.1,0.72112,-0.11579,0.057102,0.949,-0.314,-0.027,-0.013
3.15,0.72222,-0.11749,0.060893,0.949,-0.314,-0.027,-0.013
3.2,0.72324,-0.11927,0.06508,0.949,-0.314,-0.027,-0.013
3.25,0.72417,-0.12114,0.069638,0.949,-0.314,-0.027,-0.013
3.3,0.72502,-0.12311,0.074531,0.949,-0.314,-0.027,-0.013
3.35,0.72577,-0.1252,0.079704,0.949,-0.314,-0.027,-0.013
3.4,0.72643,-0.12741,0.085077,0.949,-0.314,-0.027,-0.013
3.45,0.72699,-0.12976,0.090546,0.949,-0.314,-0.027,-0.013
3.5,0.72746,-0.13225,0.095979,0.949,-0.314,-0.027,-0.013
3.55,0.72787,-0.13488,0.10123,0.949,-0.314,-0.027,-0.013
3.6,0.72824,-0.13765,0.10615,0.949,-0.314,-0.027,-0.013
3.65,0.72861,-0.14054,0.1106,0.949,-0.314,-0.027,-0.013
3.7,0.72903,-0.14351,0.11447,0.949,-0.314,-0.027,-0.013
3.75,0.72951,-0.14654,0.11772,0.949,-0.314,-0.027,-0.013
3.8,0.73009,-0.14958,0.12029,0.949,-0.314,-0.027,-0.013
3.85,0.73077,-0.15261,0.12221,0.949,-0.314,-0.027,-0.013
3.9,0.73154,-0.15557,0.1235,0.949,-0.314,-0.027,-0.013
3.95,0.73241,-0.15845,0.12419,0.949,-0.314,-0.027,-0.013
4,0.73335,-0.16122,0.12433,0.949,-0.314,-0.027,-0.013
4.05,0.73436,-0.16387,0.12395,0.949,-0.314,-0.027,-0.013
4.1,0.73542,-0.16638,0.1231,0.949,-0.314,-0.027,-0.013
4.15,0.73652,-0.16874,0.12181,0.949,-0.314,-0.027,-0.013
4.2,0.73766,-0.17095,0.1201,0.949,-0.314,-0.027,-0.013
4.25,0.73883,-0.17299,0.118,0.949,-0.314,-0.027,-0.013
4.3,0.74002,-0.17487,0.11554,0.949,-0.314,-0.027,-0.013
4.35,0.74123,-0.17659,0.11272,0.949,-0.314,-0.027,-0.013
4.4,0.74244,-0.17814,0.10956,0.949,-0.314,-0.027,-0.013
4.45,0.74367,-0.17952,0.10607,0.949,-0.314,-0.027,-0.013
4.5,0.74491,-0.18073,0.10226,0.949,-0.314,-0.027,-0.013
4.55,0.74615,-0.18177,0.098133,0.949,-0.314,-0.027,-0.013
4.6,0.7474,-0.18264,0.093703,0.949,-0.314,-0.027,-0.013
4.65,0.74864,-0.18334,0.088973,0.949,-0.314,-0.027,-0.013
4.7,0.74989,-0.18387,0.083944,0.949,-0.314,-0.027,-0.013
4.75,0.75114,-0.18423,0.078623,0.949,-0.314,-0.027,-0.013
4.8,0.75239,-0.18442,0.073011,0.949,-0.314,-0.027,-0.013
4.85,0.75364,-0.18443,0.067111,0.949,-0.314,-0.027,-0.013
4.9,0.75489,-0.18428,0.060926,0.949,-0.314,-0.027,-0.013
4.95,0.75614,-0.18396,0.054459,0.949,-0.314,-0.027,-0.013
5,0.75738,-0.18346,0.047711,0.949,-0.314,-0.027,-0.013
