0.05,0.49262,-0.27976,0.46378,0.998,0.065,-0.013,-0.018
0.1,0.49917,-0.26939,0.4597,0.998,0.065,-0.013,-0.018
0.15,0.50609,-0.25891,0.45507,0.998,0.065,-0.013,-0.018
0.2,0.51336,-0.24833,0.44988,0.998,0.065,-0.013,-0.018
0.25,0.521,-0.23765,0.44414,0.998,0.065,-0.013,-0.018
0.3,0.52901,-0.22687,0.43784,0.998,0.065,-0.013,-0.018
0.35,0.53738,-0.21599,0.43099,0.998,0.065,-0.013,-0.018
0.4,0.54611,-0.20501,0.42357,0.998,0.065,-0.013,-0.018
0.45,0.55521,-0.19395,0.41559,0.998,0.065,-0.013,-0.018
0.5,0.56468,-0.18281,0.40704,0.998,0.065,-0.013,-0.018
0.55,0.57452,-0.1716,0.39793,0.998,0.065,-0.013,-0.018
0.6,0.58473,-0.16035,0.38824,0.998,0.065,-0.013,-0.018
0.65,0.5953,-0.14911,0.37798,0.998,0.065,-0.013,-0.018
0.7,0.60623,-0.13794,0.36714,0.998,0.065,-0.013,-0.018
0.75,0.61749,-0.12694,0.35575,0.998,0.065,-0.013,-0.018
0.8,0.62903,-0.11629,0.34382,0.998,0.065,-0.013,-0.018
0.85,0.64075,-0.1062,0.33142,0.998,0.065,-0.013,-0.018
0.9,0.65246,-0.096969,0.31862,0.998,0.065,-0.013,-0.018
0.95,0.66392,-0.088857,0.30553,0.998,0.065,-0.013,-0.018
1,0.67481,-0.082011,0.29222,0.998,0.065,-0.013,-0.018
1.05,0.68481,-0.076378,0.27879,0.998,0.065,-0.013,-0.018
1.1,0.69378,-0.071739,0.26539,0.998,0.065,-0.013,-0.018
1.15,0.70168,-0.067823,0.25221,0.998,0.065,-0.013,-0.018
1.2,0.70859,-0.064399,0.23947,0.998,0.065,-0.013,-0.018
1.25,0.71464,-0.061305,0.22734,0.998,0.065,-0.013,-0.018
1.3,0.71992,-0.058437,0.2159,0.998,0.065,-0.013,-0.018
1.35,0.72452,-0.055733,0.20522,0.998,0.065,-0.013,-0.018
1.4,0.72849,-0.053156,0.19533,0.998,0.065,-0.013,-0.018
1.45,0.73187,-0.050685,0.18624,0.998,0.065,-0.013,-0.018
1.5,0.73467,-0.048308,0.17794,0.998,0.065,-0.013,-0.018
1.55,0.73691,-0.046018,0.17044,0.998,0.065,-0.013,-0.018
1.6,0.7386,-0.043811,0.16375,0.998,0.065,-0.013,-0.018
1.65,0.7398,-0.042088,0.16027,0.998,0.065,-0.013,-0.018
1.7,0.74045,-0.040438,0.15761,0.998,0.065,-0.013,-0.018
1.75,0.74054,-0.03885,0.15577,0.998,0.065,-0.013,-0.018
1.8,0.74005,-0.037302,0.15479,0.998,0.065,-0.013,-0.018
1.85,0.73896,-0.03575,0.15471,0.998,0.065,-0.013,-0.018
1.9,0.73723,-0.03411,0.1556,0.998,0.065,-0.013,-0.018
1.95,0.73477,-0.032233,0.15754,0.998,0.065,-0.013,-0.018
2,0.73152,-0.029882,0.16061,0.998,0.065,-0.013,-0.018
2.05,0.72739,-0.026749,0.16474,0.998,0.065,-0.013,-0.018
2.1,0.72242,-0.022548,0.16964,0.998,0.065,-0.013,-0.018
2.15,0.71674,-0.017169,0.1748,0.998,0.065,-0.013,-0.018
2.2,0.71059,-0.01075,0.17961,0.998,0.065,-0.013,-0.018
2.25,0.7042,-0.0035942,0.1836,0.998,0.065,-0.013,-0.018
2.3,0.69774,0.003975,0.18651,0.998,0.065,-0.013,-0.018
2.35,0.69131,0.011703,0.1882,0.998,0.065,-0.013,-0.018
2.4,0.68496,0.019417,0.18863,0.998,0.065,-0.013,-0.018
2.45,0.67873,0.027004,0.18781,0.998,0.065,-0.013,-0.018
2.5,0.67262,0.034389,0.18574,0.998,0.065,-0.013,-0.018
2.55,0.66664,0.041515,0.1824,0.998,0.065,-0.013,-0.018
2.6,0.66081,0.048329,0.17779,0.998,0.065,-0.013,-0.018
2.65,0.65515,0.054762,0.17187,0.998,0.065,-0.013,-0.018
2.7,0.64969,0.060717,0.16461,0.998,0.065,-0.013,-0.018
2.75,0.6445,0.066052,0.156,0.998,0.065,-0.013,-0.018
2.8,0.63971,0.070588,0.14616,0.998,0.065,-0.013,-0.018
2.85,0.63545,0.074166,0.13541,0.998,0.065,-0.013,-0.018
2.9,0.63188,0.076758,0.12438,0.998,0.065,-0.013,-0.018
2.95,0.62905,0.078555,0.11384,0.998,0.065,-0.013,-0.018
3,0.62689,0.079887,0.10441,0.998,0.065,-0.013,-0.018
3.05,0.62529,0.081067,0.096404,0.998,0.065,-0.013,-0.018
3.1,0.62413,0.082305,0.089889,0.998,0.065,-0.013,-0.018
3.15,0.62331,0.083716,0.084812,0.998,0.065,-0.013,-0.018
3.2,0.6228,0.085355,0.081107,0.998,0.065,-0.013,-0.018
3.25,0.62257,0.087249,0.078722,0.998,0.065,-0.013,-0.018
3.3,0.62046,0.088274,0.077384,0.998,0.065,-0.013,-0.018
3.35,0.61862,0.089588,0.077319,0.998,0.065,-0.013,-0.018
3.4,0.61708,0.091213,0.078521,0.998,0.065,-0.013,-0.018
3.45,0.61585,0.093174,0.080989,0.998,0.065,-0.013,-0.018
3.5,0.61495,0.095508,0.084716,0.998,0.065,-0.013,-0.018
3.55,0.61443,0.098261,0.089678,0.998,0.065,-0.013,-0.018
3.6,0.6143,0.10149,0.095814,0.998,0.065,-0.013,-0.018
3.65,0.61459,0.10526,0.10299,0.998,0.065,-0.013,-0.018
3.7,0.61525,0.10959,0.11096,0.998,0.065,-0.013,-0.018
3.75,0.61613,0.11445,0.11937,0.998,0.065,-0.013,-0.018
3.8,0.61697,0.11971,0.12773,0.998,0.065,-0.013,-0.018
3.85,0.6175,0.12516,0.13561,0.998,0.065,-0.013,-0.018
3.9,0.6175,0.13058,0.14272,0.998,0.065,-0.013,-0.018
3.95,0.61694,0.13583,0.14895,0.998,0.065,-0.013,-0.018
4,0.61587,0.14083,0.15434,0.998,0.065,-0.013,-0.018
4.05,0.61439,0.14556,0.15899,0.998,0.065,-0.013,-0.018
4.1,0.61257,0.15001,0.16299,0.998,0.065,-0.013,-0.018
4.15,0.61049,0.1542,0.16644,0.998,0.065,-0.013,-0.018
4.2,0.60819,0.15813,0.1694,0.998,0.065,-0.013,-0.018
4.25,0.60568,0.1618,0.17189,0.998,0.065,-0.013,-0.018
4.3,0.60298,0.16523,0.17395,0.998,0.065,-0.013,-0.018
4.35,0.60011,0.16841,0.17558,0.998,0.065,-0.013,-0.018
4.4,0.59705,0.17135,0.1768,0.998,0.065,-0.013,-0.018
4.45,0.59383,0.17404,0.1776,0.998,0.065,-0.013,-0.018
4.5,0.59043,0.17649,0.178,0.998,0.065,-0.013,-0.018
4.55,0.58685,0.1787,0.17799,0.998,0.065,-0.013,-0.018
4.6,0.58311,0.18067,0.17758,0.998,0.065,-0.013,-0.018
4.65,0.57919,0.1824,0.17675,0.998,0.065,-0.013,-0.018
4.7,0.5751,0.18388,0.17553,0.998,0.065,-0.013,-0.018
4.75,0.57084,0.18512,0.17389,0.998,0.065,-0.013,-0.018
4.8,0.56641,0.18612,0.17185,0.998,0.065,-0.013,-0.018
4.85,0.5618,0.18688,0.1694,0.998,0.065,-0.013,-0.018
4.9,0.55702,0.18739,0.16655,0.998,0.065,-0.013,-0.018
4.95,0.55207,0.18767,0.16329,0.998,0.065,-0.013,-0.018
5,0.54695,0.1877,0.15963,0.998,0.065,-0.013,-0.018
