0.05,0.40869,-0.12258,0.28377,0.998,0.065,-0.013,-0.018
0.1,0.41878,-0.12013,0.28771,0.998,0.065,-0.013,-0.018
0.15,0.42923,-0.11757,0.2911,0.998,0.065,-0.013,-0.018
0.2,0.44004,-0.11491,0.29393,0.998,0.065,-0.013,-0.018
0.25,0.45121,-0.11215,0.2962,0.998,0.065,-0.013,-0.018
0.3,0.46275,-0.10927,0.2979,0.998,0.065,-0.013,-0.018
0.35,0.47464,-0.10629,0.29904,0.998,0.065,-0.013,-0.018
0.4,0.4869,-0.10321,0.29961,0.998,0.065,-0.013,-0.018
0.45,0.49951,-0.10001,0.29959,0.998,0.065,-0.013,-0.018
0.5,0.51247,-0.096699,0.29897,0.998,0.065,-0.013,-0.018
0.55,0.52579,-0.093271,0.29773,0.998,0.065,-0.013,-0.018
0.6,0.53943,-0.08972,0.29584,0.998,0.065,-0.013,-0.018
0.65,0.55338,-0.086037,0.29323,0.998,0.065,-0.013,-0.018
0.7,0.56759,-0.082209,0.28983,0.998,0.065,-0.013,-0.018
0.75,0.58197,-0.078219,0.28553,0.998,0.065,-0.013,-0.018
0.8,0.59641,-0.074054,0.28018,0.998,0.065,-0.013,-0.018
0.85,0.61071,-0.069716,0.27364,0.998,0.065,-0.013,-0.018
0.9,0.62459,-0.065253,0.26576,0.998,0.065,-0.013,-0.018
0.95,0.63775,-0.060803,0.25658,0.998,0.065,-0.013,-0.018
1,0.64994,-0.056608,0.24634,0.998,0.065,-0.013,-0.018
1.05,0.66104,-0.052944,0.23555,0.998,0.065,-0.013,-0.018
1.1,0.67106,-0.049988,0.22479,0.998,0.065,-0.013,-0.018
1.15,0.68009,-0.047746,0.2145,0.998,0.065,-0.013,-0.018
1.2,0.68825,-0.046099,0.20495,0.998,0.065,-0.013,-0.018
1.25,0.69563,-0.044892,0.19625,0.998,0.065,-0.013,-0.018
1.3,0.70232,-0.043995,0.18842,0.998,0.065,-0.013,-0.018
1.35,0.70836,-0.043315,0.18145,0.998,0.065,-0.013,-0.018
1.4,0.71379,-0.042792,0.17532,0.998,0.065,-0.013,-0.018
1.45,0.71865,-0.042393,0.17002,0.998,0.065,-0.013,-0.018
1.5,0.72293,-0.042098,0.16553,0.998,0.065,-0.013,-0.018
1.55,0.72666,-0.041894,0.16185,0.998,0.065,-0.013,-0.018
1.6,0.72984,-0.041775,0.15898,0.998,0.065,-0.013,-0.018
1.65,0.73141,-0.040267,0.15561,0.998,0.065,-0.013,-0.018
1.7,0.73243,-0.038831,0.15304,0.998,0.065,-0.013,-0.018
1.75,0.73289,-0.037457,0.1513,0.998,0.065,-0.013,-0.018
1.8,0.73277,-0.03612,0.15041,0.998,0.065,-0.013,-0.018
1.85,0.73204,-0.034775,0.15043,0.998,0.065,-0.013,-0.018
1.9,0.73065,-0.033335,0.15141,0.998,0.065,-0.013,-0.018
1.95,0.72852,-0.031644,0.15344,0.998,0.065,-0.013,-0.018
2,0.72554,-0.029457,0.15658,0.998,0.065,-0.013,-0.018
2.05,0.72165,-0.026463,0.16078,0.998,0.065,-0.013,-0.018
2.1,0.71687,-0.022381,0.16573,0.998,0.065,-0.013,-0.018
2.15,0.71138,-0.017121,0.17094,0.998,0.065,-0.013,-0.018
2.2,0.70543,-0.010841,0.17581,0.998,0.065,-0.013,-0.018
2.25,0.69928,-0.003855,0.17988,0.998,0.065,-0.013,-0.018
2.3,0.69309,0.0035187,0.18286,0.998,0.065,-0.013,-0.018
2.35,0.68696,0.011032,0.18464,0.998,0.065,-0.013,-0.018
2.4,0.68094,0.018517,0.18517,0.998,0.065,-0.013,-0.018
2.45,0.67504,0.025867,0.18445,0.998,0.065,-0.013,-0.018
2.5,0.66927,0.033011,0.18248,0.998,0.065,-0.013,-0.018
2.55,0.66363,0.039897,0.17925,0.998,0.065,-0.013,-0.018
2.6,0.65813,0.046471,0.17473,0.998,0.065,-0.013,-0.018
2.65,0.65279,0.052671,0.16891,0.998,0.065,-0.013,-0.018
2.7,0.64764,0.058406,0.16174,0.998,0.065,-0.013,-0.018
2.75,0.64274,0.063542,0.15322,0.998,0.065,-0.013,-0.018
2.8,0.63818,0.06791,0.14345,0.998,0.065,-0.013,-0.018
2.85,0.63412,0.071353,0.13276,0.998,0.065,-0.013,-0.018
2.9,0.63072,0.07383,0.12178,0.998,0.065,-0.013,-0.018
2.95,0.62807,0.075508,0.11129,0.998,0.065,-0.013,-0.018
3,0.62614,0.076699,0.10194,0.998,0.065,-0.013,-0.018
3.05,0.6248,0.077713,0.094019,0.998,0.065,-0.013,-0.018
3.1,0.62393,0.078769,0.087597,0.998,0.065,-0.013,-0.018
3.15,0.62342,0.079986,0.08262,0.998,0.065,-0.013,-0.018
3.2,0.62323,0.081427,0.079016,0.998,0.065,-0.013,-0.018
3.25,0.62332,0.083122,0.076734,0.998,0.065,-0.013,-0.018
3.3,0.62126,0.084333,0.075444,0.998,0.065,-0.013,-0.018
3.35,0.61949,0.085833,0.075427,0.998,0.065,-0.013,-0.018
3.4,0.61801,0.08764,0.076677,0.998,0.065,-0.013,-0.018
3.45,0.61683,0.08978,0.079191,0.998,0.065,-0.013,-0.018
3.5,0.61599,0.092285,0.082963,0.998,0.065,-0.013,-0.018
3.55,0.61552,0.095202,0.087967,0.998,0.065,-0.013,-0.018
3.6,0.61544,0.098584,0.094142,0.998,0.065,-0.013,-0.018
3.65,0.61578,0.10248,0.10135,0.998,0.065,-0.013,-0.018
3.7,0.61647,0.10694,0.10936,0.998,0.065,-0.013,-0.018
3.75,0.61739,0.11191,0.11778,0.998,0.065,-0.013,-0.018
3.8,0.61828,0.11727,0.12617,0.998,0.065,-0.013,-0.018
3.85,0.61885,0.12285,0.13408,0.998,0.065,-0.013,-0.018
3.9,0.61892,0.12842,0.14121,0.998,0.065,-0.013,-0.018
3.95,0.61844,0.13386,0.14748,0.998,0.065,-0.013,-0.018
4,0.61745,0.13906,0.1529,0.998,0.065,-0.013,-0.018
4.05,0.61606,0.14401,0.15759,0.998,0.065,-0.013,-0.018
4.1,0.61434,0.14869,0.16164,0.998,0.065,-0.013,-0.018
4.15,0.61236,0.15312,0.16513,0.998,0.065,-0.013,-0.018
4.2,0.61015,0.15728,0.16813,0.998,0.065,-0.013,-0.018
4.25,0.60774,0.1612,0.17067,0.998,0.065,-0.013,-0.018
4.3,0.60515,0.16487,0.17277,0.998,0.065,-0.013,-0.018
4.35,0.60237,0.16829,0.17444,0.998,0.065,-0.013,-0.018
4.4,0.59942,0.17147,0.1757,0.998,0.065,-0.013,-0.018
4.45,0.59629,0.17441,0.17655,0.998,0.065,-0.013,-0.018
4.5,0.59299,0.1771,0.177,0.998,0.065,-0.013,-0.018
4.55,0.58952,0.17955,0.17703,0.998,0.065,-0.013,-0.018
4.6,0.58587,0.18176,0.17666,0.998,0.065,-0.013,-0.018
4.65,0.58206,0.18373,0.17588,0.998,0.065,-0.013,-0.018
4.7,0.57807,0.18545,0.1747,0.998,0.065,-0.013,-0.018
4.75,0.57391,0.18694,0.1731,0.998,0.065,-0.013,-0.018
4.8,0.56958,0.18818,0.17111,0.998,0.065,-0.013,-0.018
4.85,0.56507,0.18918,0.1687,0.998,0.065,-0.013,-0.018
4.9,0.56039,0.18994,0.1659,0.998,0.065,-0.013,-0.018
4.95,0.55555,0.19045,0.16268,0.998,0.065,-0.013,-0.018
5,0.55053,0.19073,0.15906,0.998,0.065,-0.013,-0.018
