0.05,0.42062,-0.12626,0.2903,0.998,0.065,-0.013,-0.018
0.1,0.43034,-0.12367,0.29413,0.998,0.065,-0.013,-0.018
0.15,0.44042,-0.12097,0.2974,0.998,0.065,-0.013,-0.018
0.2,0.45087,-0.11817,0.30011,0.998,0.065,-0.013,-0.018
0.25,0.46167,-0.11526,0.30226,0.998,0.065,-0.013,-0.018
0.3,0.47284,-0.11225,0.30385,0.998,0.065,-0.013,-0.018
0.35,0.48437,-0.10912,0.30487,0.998,0.065,-0.013,-0.018
0.4,0.49626,-0.10589,0.30532,0.998,0.065,-0.013,-0.018
0.45,0.50851,-0.10255,0.30518,0.998,0.065,-0.013,-0.018
0.5,0.52111,-0.099102,0.30445,0.998,0.065,-0.013,-0.018
0.55,0.53406,-0.095534,0.30309,0.998,0.065,-0.013,-0.018
0.6,0.54734,-0.091844,0.30108,0.998,0.065,-0.013,-0.018
0.65,0.56094,-0.088025,0.29836,0.998,0.065,-0.013,-0.018
0.7,0.57481,-0.084064,0.29485,0.998,0.065,-0.013,-0.018
0.75,0.58887,-0.079948,0.29044,0.998,0.065,-0.013,-0.018
0.8,0.60301,-0.075666,0.285,0.998,0.065,-0.013,-0.018
0.85,0.61704,-0.071225,0.27837,0.998,0.065,-0.013,-0.018
0.9,0.63069,-0.066677,0.27042,0.998,0.065,-0.013,-0.018
0.95,0.64366,-0.062166,0.26118,0.998,0.065,-0.013,-0.018
1,0.6557,-0.057931,0.2509,0.998,0.065,-0.013,-0.018
1.05,0.66666,-0.054245,0.24007,0.998,0.065,-0.013,-0.018
1.1,0.67654,-0.051279,0.22926,0.998,0.065,-0.013,-0.018
1.15,0.68541,-0.049032,0.21892,0.998,0.065,-0.013,-0.018
1.2,0.69339,-0.047382,0.20932,0.998,0.065,-0.013,-0.018
1.25,0.70057,-0.046173,0.20056,0.998,0.065,-0.013,-0.018
1.3,0.70705,-0.045274,0.19267,0.998,0.065,-0.013,-0.018
1.35,0.71288,-0.044592,0.18564,0.998,0.065,-0.013,-0.018
1.4,0.71809,-0.044068,0.17945,0.998,0.065,-0.013,-0.018
1.45,0.72273,-0.043668,0.17408,0.998,0.065,-0.013,-0.018
1.5,0.72679,-0.043371,0.16953,0.998,0.065,-0.013,-0.018
1.55,0.7303,-0.043165,0.16579,0.998,0.065,-0.013,-0.018
1.6,0.73326,-0.043045,0.16286,0.998,0.065,-0.013,-0.018
1.65,0.7347,-0.041431,0.15937,0.998,0.065,-0.013,-0.018
1.7,0.73558,-0.039891,0.1567,0.998,0.065,-0.013,-0.018
1.75,0.7359,-0.038411,0.15486,0.998,0.065,-0.013,-0.018
1.8,0.73565,-0.036971,0.15387,0.998,0.065,-0.013,-0.018
1.85,0.73479,-0.035524,0.15378,0.998,0.065,-0.013,-0.018
1.9,0.73327,-0.033986,0.15466,0.998,0.065,-0.013,-0.018
1.95,0.73102,-0.032203,0.1566,0.998,0.065,-0.013,-0.018
2,0.72794,-0.029936,0.15966,0.998,0.065,-0.013,-0.018
2.05,0.72397,-0.026874,0.16379,0.998,0.065,-0.013,-0.018
2.1,0.71912,-0.022734,0.16869,0.998,0.065,-0.013,-0.018
2.15,0.71355,-0.017415,0.17384,0.998,0.065,-0.013,-0.018
2.2,0.70753,-0.011067,0.17865,0.998,0.065,-0.013,-0.018
2.25,0.70129,-0.003998,0.18264,0.998,0.065,-0.013,-0.018
2.3,0.695,0.0034715,0.18554,0.998,0.065,-0.013,-0.018
2.35,0.68876,0.01109,0.18722,0.998,0.065,-0.013,-0.018
2.4,0.68262,0.018687,0.18765,0.998,0.065,-0.013,-0.018
2.45,0.6766,0.026153,0.18683,0.998,0.065,-0.013,-0.018
2.5,0.6707,0.033415,0.18475,0.998,0.065,-0.013,-0.018
2.55,0.66494,0.040419,0.18141,0.998,0.065,-0.013,-0.018
2.6,0.65932,0.047111,0.17679,0.998,0.065,-0.013,-0.018
2.65,0.65386,0.053425,0.17086,0.998,0.065,-0.013,-0.018
2.7,0.64859,0.059267,0.1636,0.998,0.065,-0.013,-0.018
2.75,0.64358,0.064501,0.15499,0.998,0.065,-0.013,-0.018
2.8,0.63893,0.068951,0.14515,0.998,0.065,-0.013,-0.018
2.85,0.6348,0.072461,0.1344,0.998,0.065,-0.013,-0.018
2.9,0.63134,0.074995,0.12336,0.998,0.065,-0.013,-0.018
2.95,0.62862,0.076732,0.11281,0.998,0.065,-0.013,-0.018
3,0.62661,0.077994,0.10338,0.998,0.065,-0.013,-0.018
3.05,0.62518,0.079092,0.095374,0.998,0.065,-0.013,-0.018
3.1,0.6242,0.08024,0.088853,0.998,0.065,-0.013,-0.018
3.15,0.62358,0.081555,0.083771,0.998,0.065,-0.013,-0.018
3.2,0.62327,0.083096,0.080061,0.998,0.065,-0.013,-0.018
3.25,0.62324,0.084892,0.07767,0.998,0.065,-0.013,-0.018
3.3,0.62117,0.086074,0.076508,0.998,0.065,-0.013,-0.018
3.35,0.61937,0.087544,0.076617,0.998,0.065,-0.013,-0.018
3.4,0.61786,0.089322,0.077991,0.998,0.065,-0.013,-0.018
3.45,0.61667,0.091434,0.080627,0.998,0.065,-0.013,-0.018
3.5,0.6158,0.093912,0.084516,0.998,0.065,-0.013,-0.018
3.55,0.61531,0.096803,0.089631,0.998,0.065,-0.013,-0.018
3.6,0.61522,0.10016,0.095908,0.998,0.065,-0.013,-0.018
3.65,0.61553,0.10404,0.10321,0.998,0.065,-0.013,-0.018
3.7,0.61621,0.10847,0.11129,0.998,0.065,-0.013,-0.018
3.75,0.61711,0.11342,0.11979,0.998,0.065,-0.013,-0.018
3.8,0.61798,0.11877,0.12825,0.998,0.065,-0.013,-0.018
3.85,0.61853,0.12432,0.13624,0.998,0.065,-0.013,-0.018
3.9,0.61857,0.12987,0.14347,0.998,0.065,-0.013,-0.018
3.95,0.61805,0.13526,0.14985,0.998,0.065,-0.013,-0.018
4,0.61703,0.14043,0.15541,0.998,0.065,-0.013,-0.018
4.05,0.61559,0.14533,0.16023,0.998,0.065,-0.013,-0.018
4.1,0.61383,0.14997,0.16442,0.998,0.065,-0.013,-0.018
4.15,0.6118,0.15435,0.16807,0.998,0.065,-0.013,-0.018
4.2,0.60955,0.15847,0.17121,0.998,0.065,-0.013,-0.018
4.25,0.60709,0.16233,0.1739,0.998,0.065,-0.013,-0.018
4.3,0.60445,0.16595,0.17615,0.998,0.065,-0.013,-0.018
4.35,0.60163,0.16933,0.17798,0.998,0.065,-0.013,-0.018
4.4,0.59863,0.17246,0.17939,0.998,0.065,-0.013,-0.018
4.45,0.59545,0.17535,0.18039,0.998,0.065,-0.013,-0.018
4.5,0.59211,0.178,0.18098,0.998,0.065,-0.013,-0.018
4.55,0.58859,0.1804,0.18117,0.998,0.065,-0.013,-0.018
4.6,0.5849,0.18256,0.18095,0.998,0.065,-0.013,-0.018
4.65,0.58103,0.18448,0.18032,0.998,0.065,-0.013,-0.018
4.7,0.577,0.18616,0.17929,0.998,0.065,-0.013,-0.018
4.75,0.57279,0.18759,0.17785,0.998,0.065,-0.013,-0.018
4.8,0.56841,0.18879,0.176,0.998,0.065,-0.013,-0.018
4.85,0.56386,0.18974,0.17375,0.998,0.065,-0.013,-0.018
4.9,0.55913,0.19045,0.17109,0.998,0.065,-0.013,-0.018
4.95,0.55424,0.19092,0.16803,0.998,0.065,-0.013,-0.018
5,0.54917,0.19114,0.16456,0.998,0.065,-0.013,-0.018
