0.05,0.48579,-0.28311,0.45294,0.998,0.065,-0.013,-0.018
0.1,0.4928,-0.27296,0.44937,0.998,0.065,-0.013,-0.018
0.15,0.50018,-0.2627,0.44524,0.998,0.065,-0.013,-0.018
0.2,0.50792,-0.25233,0.44056,0.998,0.065,-0.013,-0.018
0.25,0.51602,-0.24187,0.43532,0.998,0.065,-0.013,-0.018
0.3,0.52448,-0.2313,0.42952,0.998,0.065,-0.013,-0.018
0.35,0.53331,-0.22064,0.42317,0.998,0.065,-0.013,-0.018
0.4,0.5425,-0.20988,0.41625,0.998,0.065,-0.013,-0.018
0.45,0.55206,-0.19903,0.40877,0.998,0.065,-0.013,-0.018
0.5,0.56199,-0.1881,0.40073,0.998,0.065,-0.013,-0.018
0.55,0.57228,-0.1771,0.39211,0.998,0.065,-0.013,-0.018
0.6,0.58293,-0.16607,0.38291,0.998,0.065,-0.013,-0.018
0.65,0.59395,-0.15503,0.37312,0.998,0.065,-0.013,-0.018
0.7,0.6053,-0.14406,0.36275,0.998,0.065,-0.013,-0.018
0.75,0.61697,-0.13325,0.3518,0.998,0.065,-0.013,-0.018
0.8,0.62889,-0.12277,0.34029,0.998,0.065,-0.013,-0.018
0.85,0.64094,-0.11284,0.32826,0.998,0.065,-0.013,-0.018
0.9,0.65295,-0.10373,0.31578,0.998,0.065,-0.013,-0.018
0.95,0.66464,-0.095701,0.30294,0.998,0.065,-0.013,-0.018
1,0.67572,-0.088894,0.28984,0.998,0.065,-0.013,-0.018
1.05,0.6859,-0.083259,0.27661,0.998,0.065,-0.013,-0.018
1.1,0.69506,-0.078585,0.26343,0.998,0.065,-0.013,-0.018
1.15,0.70317,-0.074612,0.2505,0.998,0.065,-0.013,-0.018
1.2,0.71033,-0.071116,0.23803,0.998,0.065,-0.013,-0.018
1.25,0.71664,-0.067942,0.22619,0.998,0.065,-0.013,-0.018
1.3,0.72219,-0.064989,0.21506,0.998,0.065,-0.013,-0.018
1.35,0.72707,-0.062198,0.20471,0.998,0.065,-0.013,-0.018
1.4,0.73133,-0.059532,0.19514,0.998,0.065,-0.013,-0.018
1.45,0.73499,-0.056971,0.18637,0.998,0.065,-0.013,-0.018
1.5,0.73808,-0.054504,0.17841,0.998,0.065,-0.013,-0.018
1.55,0.74062,-0.052124,0.17124,0.998,0.065,-0.013,-0.018
1.6,0.7426,-0.049826,0.16487,0.998,0.065,-0.013,-0.018
1.65,0.74354,-0.048097,0.16121,0.998,0.065,-0.013,-0.018
1.7,0.74394,-0.046442,0.15836,0.998,0.065,-0.013,-0.018
1.75,0.74377,-0.044848,0.15634,0.998,0.065,-0.013,-0.018
1.8,0.74304,-0.043294,0.15518,0.998,0.065,-0.013,-0.018
1.85,0.7417,-0.041736,0.15492,0.998,0.065,-0.013,-0.018
1.9,0.73973,-0.040091,0.15563,0.998,0.065,-0.013,-0.018
1.95,0.73705,-0.038209,0.15742,0.998,0.065,-0.013,-0.018
2,0.7336,-0.035853,0.16035,0.998,0.065,-0.013,-0.018
2.05,0.72932,-0.032714,0.16436,0.998,0.065,-0.013,-0.018
2.1,0.72422,-0.028503,0.16917,0.998,0.065,-0.013,-0.018
2.15,0.71842,-0.023108,0.17423,0.998,0.065,-0.013,-0.018
2.2,0.71214,-0.016665,0.17894,0.998,0.065,-0.013,-0.018
2.25,0.70559,-0.0094774,0.18281,0.998,0.065,-0.013,-0.018
2.3,0.69896,-0.0018701,0.18558,0.998,0.065,-0.013,-0.018
2.35,0.69233,0.0059008,0.18711,0.998,0.065,-0.013,-0.018
2.4,0.68579,0.01366,0.18739,0.998,0.065,-0.013,-0.018
2.45,0.67934,0.021293,0.1864,0.998,0.065,-0.013,-0.018
2.5,0.67302,0.028726,0.18416,0.998,0.065,-0.013,-0.018
2.55,0.66683,0.0359,0.18065,0.998,0.065,-0.013,-0.018
2.6,0.66078,0.042762,0.17587,0.998,0.065,-0.013,-0.018
2.65,0.65491,0.049241,0.16979,0.998,0.065,-0.013,-0.018
2.7,0.64925,0.055239,0.16237,0.998,0.065,-0.013,-0.018
2.75,0.64389,0.060613,0.15362,0.998,0.065,-0.013,-0.018
2.8,0.63894,0.065181,0.14366,0.998,0.065,-0.013,-0.018
2.85,0.63456,0.068783,0.13282,0.998,0.065,-0.013,-0.018
2.9,0.63088,0.071392,0.12169,0.998,0.065,-0.013,-0.018
2.95,0.62792,0.0732,0.11105,0.998,0.065,-0.013,-0.018
3,0.62562,0.074544,0.10149,0.998,0.065,-0.013,-0.018
3.05,0.62384,0.075737,0.093342,0.998,0.065,-0.013,-0.018
3.1,0.62247,0.076989,0.086663,0.998,0.065,-0.013,-0.018
3.15,0.62145,0.078414,0.081413,0.998,0.065,-0.013,-0.018
3.2,0.62072,0.080068,0.077531,0.998,0.065,-0.013,-0.018
3.25,0.62027,0.081977,0.074966,0.998,0.065,-0.013,-0.018
3.3,0.62233,0.084305,0.073939,0.998,0.065,-0.013,-0.018
3.35,0.62464,0.086914,0.074182,0.998,0.065,-0.013,-0.018
3.4,0.62719,0.089816,0.075688,0.998,0.065,-0.013,-0.018
3.45,0.62996,0.093025,0.078453,0.998,0.065,-0.013,-0.018
3.5,0.63292,0.096563,0.082466,0.998,0.065,-0.013,-0.018
3.55,0.63604,0.10046,0.087697,0.998,0.065,-0.013,-0.018
3.6,0.63929,0.10475,0.094076,0.998,0.065,-0.013,-0.018
3.65,0.64259,0.10948,0.10146,0.998,0.065,-0.013,-0.018
3.7,0.64592,0.11468,0.1096,0.998,0.065,-0.013,-0.018
3.75,0.64925,0.12039,0.11811,0.998,0.065,-0.013,-0.018
3.8,0.65262,0.12657,0.12654,0.998,0.065,-0.013,-0.018
3.85,0.6561,0.13316,0.13444,0.998,0.065,-0.013,-0.018
3.9,0.65971,0.14001,0.14155,0.998,0.065,-0.013,-0.018
3.95,0.66341,0.14696,0.14776,0.998,0.065,-0.013,-0.018
4,0.66713,0.15387,0.15312,0.998,0.065,-0.013,-0.018
4.05,0.6708,0.16066,0.15774,0.998,0.065,-0.013,-0.018
4.1,0.67436,0.16727,0.16172,0.998,0.065,-0.013,-0.018
4.15,0.67777,0.17366,0.16513,0.998,0.065,-0.013,-0.018
4.2,0.68104,0.17982,0.16806,0.998,0.065,-0.013,-0.018
4.25,0.68413,0.18574,0.17052,0.998,0.065,-0.013,-0.018
4.3,0.68706,0.19142,0.17254,0.998,0.065,-0.013,-0.018
4.35,0.68982,0.19686,0.17414,0.998,0.065,-0.013,-0.018
4.4,0.6924,0.20206,0.17532,0.998,0.065,-0.013,-0.018
4.45,0.69481,0.20701,0.1761,0.998,0.065,-0.013,-0.018
4.5,0.69705,0.21172,0.17646,0.998,0.065,-0.013,-0.018
4.55,0.69912,0.21619,0.17642,0.998,0.065,-0.013,-0.018
4.6,0.70102,0.22042,0.17597,0.998,0.065,-0.013,-0.018
4.65,0.70275,0.22441,0.17512,0.998,0.065,-0.013,-0.018
4.7,0.7043,0.22815,0.17386,0.998,0.065,-0.013,-0.018
4.75,0.70568,0.23166,0.17219,0.998,0.065,-0.013,-0.018
4.8,0.70689,0.23492,0.17011,0.998,0.065,-0.013,-0.018
4.85,0.70793,0.23794,0.16763,0.998,0.065,-0.013,-0.018
4.9,0.70879,0.24071,0.16475,0.998,0.065,-0.013,-0.018
4.95,0.70949,0.24325,0.16146,0.998,0.065,-0.013,-0.018
5,0.71001,0.24554,0.15776,0.998,0.065,-0.013,-0.018
