0.05,0.70293,-0.31815,0.35836,0.998,0.065,-0.013,-0.018
0.1,0.7004,-0.30616,0.35857,0.998,0.065,-0.013,-0.018
0.15,0.69823,-0.29405,0.35823,0.998,0.065,-0.013,-0.018
0.2,0.69643,-0.28185,0.35733,0.998,0.065,-0.013,-0.018
0.25,0.695,-0.26954,0.35588,0.998,0.065,-0.013,-0.018
0.3,0.69393,-0.25714,0.35386,0.998,0.065,-0.013,-0.018
0.35,0.69324,-0.24463,0.35129,0.998,0.065,-0.013,-0.018
0.4,0.69294,-0.23204,0.34814,0.998,0.065,-0.013,-0.018
0.45,0.69302,-0.21936,0.34442,0.998,0.065,-0.013,-0.018
0.5,0.69351,-0.20661,0.34012,0.998,0.065,-0.013,-0.018
0.55,0.69443,-0.1938,0.33522,0.998,0.065,-0.013,-0.018
0.6,0.69581,-0.18097,0.3297,0.998,0.065,-0.013,-0.018
0.65,0.69771,-0.16818,0.32353,0.998,0.065,-0.013,-0.018
0.7,0.70022,-0.15549,0.31668,0.998,0.065,-0.013,-0.018
0.75,0.70343,-0.14306,0.30908,0.998,0.065,-0.013,-0.018
0.8,0.70751,-0.13106,0.30069,0.998,0.065,-0.013,-0.018
0.85,0.71257,-0.11978,0.29145,0.998,0.065,-0.013,-0.018
0.9,0.71866,-0.10953,0.28134,0.998,0.065,-0.013,-0.018
0.95,0.72557,-0.10058,0.27047,0.998,0.065,-0.013,-0.018
1,0.73274,-0.093031,0.25906,0.998,0.065,-0.013,-0.018
1.05,0.73938,-0.086724,0.24747,0.998,0.065,-0.013,-0.018
1.1,0.74481,-0.081349,0.23609,0.998,0.065,-0.013,-0.018
1.15,0.74873,-0.076591,0.22524,0.998,0.065,-0.013,-0.018
1.2,0.75121,-0.072221,0.21512,0.998,0.065,-0.013,-0.018
1.25,0.75246,-0.068102,0.20582,0.998,0.065,-0.013,-0.018
1.3,0.75271,-0.064158,0.19736,0.998,0.065,-0.013,-0.018
1.35,0.75214,-0.060348,0.18975,0.998,0.065,-0.013,-0.018
1.4,0.75085,-0.056646,0.18298,0.998,0.065,-0.013,-0.018
1.45,0.74893,-0.053041,0.17702,0.998,0.065,-0.013,-0.018
1.5,0.74641,-0.049525,0.17188,0.998,0.065,-0.013,-0.018
1.55,0.74332,-0.046094,0.16754,0.998,0.065,-0.013,-0.018
1.6,0.73966,-0.042744,0.16401,0.998,0.065,-0.013,-0.018
1.65,0.74095,-0.041233,0.16038,0.998,0.065,-0.013,-0.018
1.7,0.74168,-0.039795,0.15756,0.998,0.065,-0.013,-0.018
1.75,0.74185,-0.038417,0.15556,0.998,0.065,-0.013,-0.018
1.8,0.74144,-0.037078,0.15443,0.998,0.065,-0.013,-0.018
1.85,0.74043,-0.035731,0.15419,0.998,0.065,-0.013,-0.018
1.9,0.73877,-0.034288,0.15493,0.998,0.065,-0.013,-0.018
1.95,0.73639,-0.032594,0.15674,0.998,0.065,-0.013,-0.018
2,0.7332,-0.030404,0.15969,0.998,0.065,-0.013,-0.018
2.05,0.72913,-0.027405,0.16372,0.998,0.065,-0.013,-0.018
2.1,0.7242,-0.023314,0.16854,0.998,0.065,-0.013,-0.018
2.15,0.71857,-0.018036,0.17363,0.998,0.065,-0.013,-0.018
2.2,0.71247,-0.01173,0.17835,0.998,0.065,-0.013,-0.018
2.25,0.70615,-0.0047072,0.18225,0.998,0.065,-0.013,-0.018
2.3,0.69976,0.00271,0.18504,0.998,0.065,-0.013,-0.018
2.35,0.69342,0.010271,0.18661,0.998,0.065,-0.013,-0.018
2.4,0.68716,0.017808,0.18692,0.998,0.065,-0.013,-0.018
2.45,0.68102,0.025212,0.18597,0.998,0.065,-0.013,-0.018
2.5,0.67501,0.032411,0.18376,0.998,0.065,-0.013,-0.018
2.55,0.66913,0.03935,0.18029,0.998,0.065,-0.013,-0.018
2.6,0.66339,0.045979,0.17554,0.998,0.065,-0.013,-0.018
2.65,0.65782,0.052232,0.16949,0.998,0.065,-0.013,-0.018
2.7,0.65244,0.058016,0.1621,0.998,0.065,-0.013,-0.018
2.75,0.64734,0.063197,0.15339,0.998,0.065,-0.013,-0.018
2.8,0.64261,0.067602,0.14345,0.998,0.065,-0.013,-0.018
2.85,0.63841,0.071072,0.13262,0.998,0.065,-0.013,-0.018
2.9,0.63488,0.073568,0.12152,0.998,0.065,-0.013,-0.018
2.95,0.63209,0.075259,0.11089,0.998,0.065,-0.013,-0.018
3,0.62999,0.076462,0.10136,0.998,0.065,-0.013,-0.018
3.05,0.62845,0.07749,0.093235,0.998,0.065,-0.013,-0.018
3.1,0.62735,0.07856,0.086586,0.998,0.065,-0.013,-0.018
3.15,0.6266,0.079793,0.081368,0.998,0.065,-0.013,-0.018
3.2,0.62617,0.08125,0.077518,0.998,0.065,-0.013,-0.018
3.25,0.62601,0.08296,0.074986,0.998,0.065,-0.013,-0.018
3.3,0.62797,0.085285,0.073904,0.998,0.065,-0.013,-0.018
3.35,0.63017,0.08789,0.074092,0.998,0.065,-0.013,-0.018
3.4,0.63262,0.090788,0.075544,0.998,0.065,-0.013,-0.018
3.45,0.63528,0.093994,0.078256,0.998,0.065,-0.013,-0.018
3.5,0.63814,0.09753,0.082217,0.998,0.065,-0.013,-0.018
3.55,0.64118,0.10142,0.0874,0.998,0.065,-0.013,-0.018
3.6,0.64434,0.10571,0.093735,0.998,0.065,-0.013,-0.018
3.65,0.64757,0.11043,0.10108,0.998,0.065,-0.013,-0.018
3.7,0.65083,0.11564,0.10918,0.998,0.065,-0.013,-0.018
3.75,0.6541,0.12134,0.11767,0.998,0.065,-0.013,-0.018
3.8,0.65741,0.12752,0.12606,0.998,0.065,-0.013,-0.018
3.85,0.66082,0.1341,0.13394,0.998,0.065,-0.013,-0.018
3.9,0.66434,0.14093,0.14101,0.998,0.065,-0.013,-0.018
3.95,0.66794,0.14787,0.14718,0.998,0.065,-0.013,-0.018
4,0.67155,0.15477,0.15249,0.998,0.065,-0.013,-0.018
4.05,0.67509,0.16155,0.15706,0.998,0.065,-0.013,-0.018
4.1,0.67852,0.16814,0.16098,0.998,0.065,-0.013,-0.018
4.15,0.68181,0.17451,0.16435,0.998,0.065,-0.013,-0.018
4.2,0.68494,0.18065,0.16721,0.998,0.065,-0.013,-0.018
4.25,0.68791,0.18656,0.16962,0.998,0.065,-0.013,-0.018
4.3,0.6907,0.19222,0.17158,0.998,0.065,-0.013,-0.018
4.35,0.69332,0.19764,0.17313,0.998,0.065,-0.013,-0.018
4.4,0.69577,0.20282,0.17426,0.998,0.065,-0.013,-0.018
4.45,0.69805,0.20776,0.17498,0.998,0.065,-0.013,-0.018
4.5,0.70016,0.21245,0.17528,0.998,0.065,-0.013,-0.018
4.55,0.7021,0.21691,0.17519,0.998,0.065,-0.013,-0.018
4.6,0.70386,0.22112,0.17468,0.998,0.065,-0.013,-0.018
4.65,0.70545,0.22509,0.17377,0.998,0.065,-0.013,-0.018
4.7,0.70687,0.22882,0.17245,0.998,0.065,-0.013,-0.018
4.75,0.70812,0.2323,0.17073,0.998,0.065,-0.013,-0.018
4.8,0.7092,0.23555,0.1686,0.998,0.065,-0.013,-0.018
4.85,0.7101,0.23855,0.16606,0.998,0.065,-0.013,-0.018
4.9,0.71083,0.24131,0.16312,0.998,0.065,-0.013,-0.018
4.95,0.71139,0.24383,0.15977,0.998,0.065,-0.013,-0.018
5,0.71178,0.2461,0.15602,0.998,0.065,-0.013,-0.018
