0.05,0.4068,-0.12648,0.28173,0.998,0.065,-0.013,-0.018
0.1,0.41711,-0.12389,0.28584,0.998,0.065,-0.013,-0.018
0.15,0.42778,-0.1212,0.2894,0.998,0.065,-0.013,-0.018
0.2,0.43881,-0.11841,0.29239,0.998,0.065,-0.013,-0.018
0.25,0.45021,-0.1155,0.29483,0.998,0.065,-0.013,-0.018
0.3,0.46196,-0.1125,0.29671,0.998,0.065,-0.013,-0.018
0.35,0.47408,-0.10938,0.29802,0.998,0.065,-0.013,-0.018
0.4,0.48655,-0.10616,0.29875,0.998,0.065,-0.013,-0.018
0.45,0.49938,-0.10282,0.2989,0.998,0.065,-0.013,-0.018
0.5,0.51257,-0.099379,0.29845,0.998,0.065,-0.013,-0.018
0.55,0.5261,-0.095818,0.29738,0.998,0.065,-0.013,-0.018
0.6,0.53995,-0.092135,0.29564,0.998,0.065,-0.013,-0.018
0.65,0.55411,-0.088322,0.29319,0.998,0.065,-0.013,-0.018
0.7,0.56853,-0.084368,0.28995,0.998,0.065,-0.013,-0.018
0.75,0.58311,-0.080257,0.2858,0.998,0.065,-0.013,-0.018
0.8,0.59773,-0.07598,0.2806,0.998,0.065,-0.013,-0.018
0.85,0.61219,-0.071539,0.27418,0.998,0.065,-0.013,-0.018
0.9,0.62621,-0.066987,0.26641,0.998,0.065,-0.013,-0.018
0.95,0.63948,-0.062457,0.25732,0.998,0.065,-0.013,-0.018
1,0.65178,-0.058184,0.24717,0.998,0.065,-0.013,-0.018
1.05,0.66297,-0.054433,0.23647,0.998,0.065,-0.013,-0.018
1.1,0.6731,-0.05137,0.22581,0.998,0.065,-0.013,-0.018
1.15,0.68226,-0.049,0.21565,0.998,0.065,-0.013,-0.018
1.2,0.69057,-0.047207,0.20624,0.998,0.065,-0.013,-0.018
1.25,0.6981,-0.045841,0.1977,0.998,0.065,-0.013,-0.018
1.3,0.70495,-0.044776,0.19003,0.998,0.065,-0.013,-0.018
1.35,0.71116,-0.043923,0.18322,0.998,0.065,-0.013,-0.018
1.4,0.71676,-0.043225,0.17726,0.998,0.065,-0.013,-0.018
1.45,0.72179,-0.04265,0.17213,0.998,0.065,-0.013,-0.018
1.5,0.72625,-0.042177,0.16782,0.998,0.065,-0.013,-0.018
1.55,0.73015,-0.041795,0.16431,0.998,0.065,-0.013,-0.018
1.6,0.7335,-0.041498,0.16161,0.998,0.065,-0.013,-0.018
1.65,0.73482,-0.040019,0.15803,0.998,0.065,-0.013,-0.018
1.7,0.73559,-0.038613,0.15527,0.998,0.065,-0.013,-0.018
1.75,0.73579,-0.037268,0.15332,0.998,0.065,-0.013,-0.018
1.8,0.73543,-0.03596,0.15224,0.998,0.065,-0.013,-0.018
1.85,0.73445,-0.034644,0.15205,0.998,0.065,-0.013,-0.018
1.9,0.73283,-0.033231,0.15285,0.998,0.065,-0.013,-0.018
1.95,0.73048,-0.031565,0.1547,0.998,0.065,-0.013,-0.018
2,0.72732,-0.0294,0.15769,0.998,0.065,-0.013,-0.018
2.05,0.72327,-0.026421,0.16175,0.998,0.065,-0.013,-0.018
2.1,0.71836,-0.022348,0.16661,0.998,0.065,-0.013,-0.018
2.15,0.71275,-0.017089,0.17171,0.998,0.065,-0.013,-0.018
2.2,0.70667,-0.010804,0.17647,0.998,0.065,-0.013,-0.018
2.25,0.70037,-0.0038077,0.18041,0.998,0.065,-0.013,-0.018
2.3,0.69402,0.0035792,0.18324,0.998,0.065,-0.013,-0.018
2.35,0.6877,0.011107,0.18486,0.998,0.065,-0.013,-0.018
2.4,0.68148,0.018609,0.18521,0.998,0.065,-0.013,-0.018
2.45,0.67538,0.025976,0.18431,0.998,0.065,-0.013,-0.018
2.5,0.6694,0.033137,0.18215,0.998,0.065,-0.013,-0.018
2.55,0.66355,0.04004,0.17873,0.998,0.065,-0.013,-0.018
2.6,0.65785,0.046631,0.17404,0.998,0.065,-0.013,-0.018
2.65,0.65231,0.052848,0.16803,0.998,0.065,-0.013,-0.018
2.7,0.64697,0.058598,0.1607,0.998,0.065,-0.013,-0.018
2.75,0.64189,0.063748,0.15202,0.998,0.065,-0.013,-0.018
2.8,0.63718,0.068127,0.14212,0.998,0.065,-0.013,-0.018
2.85,0.633,0.071576,0.13133,0.998,0.065,-0.013,-0.018
2.9,0.62949,0.074054,0.12025,0.998,0.065,-0.013,-0.018
2.95,0.62672,0.075726,0.10965,0.998,0.065,-0.013,-0.018
3,0.62464,0.076907,0.10016,0.998,0.065,-0.013,-0.018
3.05,0.62313,0.077908,0.092079,0.998,0.065,-0.013,-0.018
3.1,0.62206,0.078949,0.085478,0.998,0.065,-0.013,-0.018
3.15,0.62134,0.080151,0.080312,0.998,0.065,-0.013,-0.018
3.2,0.62094,0.081576,0.076515,0.998,0.065,-0.013,-0.018
3.25,0.62081,0.083254,0.074036,0.998,0.065,-0.013,-0.018
3.3,0.62289,0.085626,0.073032,0.998,0.065,-0.013,-0.018
3.35,0.62523,0.088278,0.073298,0.998,0.065,-0.013,-0.018
3.4,0.62779,0.091222,0.074827,0.998,0.065,-0.013,-0.018
3.45,0.63058,0.094473,0.077613,0.998,0.065,-0.013,-0.018
3.5,0.63356,0.098052,0.081647,0.998,0.065,-0.013,-0.018
3.55,0.6367,0.10199,0.086898,0.998,0.065,-0.013,-0.018
3.6,0.63996,0.10631,0.093295,0.998,0.065,-0.013,-0.018
3.65,0.64328,0.11107,0.1007,0.998,0.065,-0.013,-0.018
3.7,0.64662,0.1163,0.10885,0.998,0.065,-0.013,-0.018
3.75,0.64996,0.12203,0.11737,0.998,0.065,-0.013,-0.018
3.8,0.65335,0.12824,0.12581,0.998,0.065,-0.013,-0.018
3.85,0.65684,0.13486,0.13373,0.998,0.065,-0.013,-0.018
3.9,0.66047,0.14174,0.14085,0.998,0.065,-0.013,-0.018
3.95,0.6642,0.14874,0.14708,0.998,0.065,-0.013,-0.018
4,0.66795,0.1557,0.15246,0.998,0.065,-0.013,-0.018
4.05,0.67164,0.16254,0.1571,0.998,0.065,-0.013,-0.018
4.1,0.67523,0.1692,0.1611,0.998,0.065,-0.013,-0.018
4.15,0.67867,0.17565,0.16454,0.998,0.065,-0.013,-0.018
4.2,0.68197,0.18186,0.16748,0.998,0.065,-0.013,-0.018
4.25,0.68509,0.18784,0.16997,0.998,0.065,-0.013,-0.018
4.3,0.68805,0.19358,0.17201,0.998,0.065,-0.013,-0.018
4.35,0.69084,0.19907,0.17364,0.998,0.065,-0.013,-0.018
4.4,0.69345,0.20433,0.17484,0.998,0.065,-0.013,-0.018
4.45,0.6959,0.20934,0.17564,0.998,0.065,-0.013,-0.018
4.5,0.69817,0.21411,0.17603,0.998,0.065,-0.013,-0.018
4.55,0.70027,0.21863,0.17601,0.998,0.065,-0.013,-0.018
4.6,0.7022,0.22292,0.17558,0.998,0.065,-0.013,-0.018
4.65,0.70395,0.22696,0.17475,0.998,0.065,-0.013,-0.018
4.7,0.70554,0.23076,0.17351,0.998,0.065,-0.013,-0.018
4.75,0.70695,0.23432,0.17187,0.998,0.065,-0.013,-0.018
4.8,0.70819,0.23764,0.16982,0.998,0.065,-0.013,-0.018
4.85,0.70926,0.24072,0.16736,0.998,0.065,-0.013,-0.018
4.9,0.71015,0.24355,0.1645,0.998,0.065,-0.013,-0.018
4.95,0.71088,0.24614,0.16123,0.998,0.065,-0.013,-0.018
5,0.71143,0.24849,0.15756,0.998,0.065,-0.013,-0.018
