0.05,0.50258,-0.09296,0.32583,0.949,-0.314,-0.027,-0.013
0.1,0.51784,-0.097502,0.32603,0.949,-0.314,-0.027,-0.013
0.15,0.53251,-0.10186,0.32664,0.949,-0.314,-0.027,-0.013
0.2,0.54636,-0.10595,0.32771,0.949,-0.314,-0.027,-0.013
0.25,0.55932,-0.10973,0.32916,0.949,-0.314,-0.027,-0.013
0.3,0.57134,-0.11317,0.33087,0.949,-0.314,-0.027,-0.013
0.35,0.58233,-0.11619,0.33267,0.949,-0.314,-0.027,-0.013
0.4,0.59216,-0.11865,0.33432,0.949,-0.314,-0.027,-0.013
0.45,0.60071,-0.12032,0.33556,0.949,-0.314,-0.027,-0.013
0.5,0.60804,-0.12087,0.33615,0.949,-0.314,-0.027,-0.013
0.55,0.6145,-0.12004,0.33604,0.949,-0.314,-0.027,-0.013
0.6,0.62055,-0.11792,0.33524,0.949,-0.314,-0.027,-0.013
0.65,0.62651,-0.11509,0.33373,0.949,-0.314,-0.027,-0.013
0.7,0.63258,-0.11235,0.33144,0.949,-0.314,-0.027,-0.013
0.75,0.6389,-0.11027,0.32835,0.949,-0.314,-0.027,-0.013
0.8,0.64555,-0.10905,0.32449,0.949,-0.314,-0.027,-0.013
0.85,0.65254,-0.10865,0.31993,0.949,-0.314,-0.027,-0.013
0.9,0.65983,-0.109,0.31467,0.949,-0.314,-0.027,-0.013
0.95,0.66731,-0.10995,0.30863,0.949,-0.314,-0.027,-0.013
1,0.67483,-0.1113,0.3017,0.949,-0.314,-0.027,-0.013
1.05,0.68221,-0.11281,0.29374,0.949,-0.314,-0.027,-0.013
1.1,0.68932,-0.11427,0.28476,0.949,-0.314,-0.027,-0.013
1.15,0.69601,-0.11551,0.27486,0.949,-0.314,-0.027,-0.013
1.2,0.70221,-0.11646,0.26426,0.949,-0.314,-0.027,-0.013
1.25,0.70792,-0.11715,0.25317,0.949,-0.314,-0.027,-0.013
1.3,0.71321,-0.11764,0.24184,0.949,-0.314,-0.027,-0.013
1.35,0.71823,-0.11801,0.23047,0.949,-0.314,-0.027,-0.013
1.4,0.72312,-0.11833,0.21921,0.949,-0.314,-0.027,-0.013
1.45,0.72793,-0.11863,0.20813,0.949,-0.314,-0.027,-0.013
1.5,0.73262,-0.11892,0.19731,0.949,-0.314,-0.027,-0.013
1.55,0.73707,-0.11918,0.18682,0.949,-0.314,-0.027,-0.013
1.6,0.74111,-0.11937,0.17681,0.949,-0.314,-0.027,-0.013
1.65,0.74454,-0.11946,0.16746,0.949,-0.314,-0.027,-0.013
1.7,0.74721,-0.11943,0.15895,0.949,-0.314,-0.027,-0.013
1.75,0.74902,-0.11928,0.15136,0.949,-0.314,-0.027,-0.013
1.8,0.74997,-0.11904,0.14462,0.949,-0.314,-0.027,-0.013
1.85,0.75021,-0.11877,0.13858,0.949,-0.314,-0.027,-0.013
1.9,0.74994,-0.11853,0.13306,0.949,-0.314,-0.027,-0.013
1.95,0.74939,-0.11833,0.12788,0.949,-0.314,-0.027,-0.013
2,0.74875,-0.11816,0.12293,0.949,-0.314,-0.027,-0.013
2.05,0.74815,-0.11801,0.1181,0.949,-0.314,-0.027,-0.013
2.1,0.74766,-0.11786,0.11332,0.949,-0.314,-0.027,-0.013
2.15,0.74728,-0.11771,0.10856,0.949,-0.314,-0.027,-0.013
2.2,0.74702,-0.11757,0.10378,0.949,-0.314,-0.027,-0.013
2.25,0.74688,-0.11742,0.098952,0.949,-0.314,-0.027,-0.013
2.3,0.74682,-0.11727,0.094071,0.949,-0.314,-0.027,-0.013
2.35,0.74684,-0.1171,0.089113,0.949,-0.314,-0.027,-0.013
2.4,0.74692,-0.11691,0.084058,0.949,-0.314,-0.027,-0.013
2.45,0.74705,-0.11668,0.078877,0.949,-0.314,-0.027,-0.013
2.5,0.74721,-0.1164,0.073543,0.949,-0.314,-0.027,-0.013
2.55,0.74739,-0.11603,0.068039,0.949,-0.314,-0.027,-0.013
2.6,0.74759,-0.11556,0.062384,0.949,-0.314,-0.027,-0.013
2.65,0.7478,-0.11497,0.056672,0.949,-0.314,-0.027,-0.013
2.7,0.74802,-0.11427,0.051137,0.949,-0.314,-0.027,-0.013
2.75,0.74825,-0.11351,0.046218,0.949,-0.314,-0.027,-0.013
2.8,0.74848,-0.11282,0.042587,0.949,-0.314,-0.027,-0.013
2.85,0.74871,-0.11241,0.041011,0.949,-0.314,-0.027,-0.013
2.9,0.74897,-0.11248,0.041956,0.949,-0.314,-0.027,-0.013
2.95,0.74926,-0.11315,0.045272,0.949,-0.314,-0.027,-0.013
3,0.74958,-0.11437,0.050377,0.949,-0.314,-0.027,-0.013
3.05,0.74992,-0.11599,0.056631,0.949,-0.314,-0.027,-0.013
3.1,0.75027,-0.11788,0.063528,0.949,-0.314,-0.027,-0.013
3.15,0.75062,-0.11994,0.070737,0.949,-0.314,-0.027,-0.013
3.2,0.75096,-0.12208,0.078071,0.949,-0.314,-0.027,-0.013
3.25,0.7513,-0.12428,0.085443,0.949,-0.314,-0.027,-0.013
3.3,0.75163,-0.1265,0.09283,0.949,-0.314,-0.027,-0.013
3.35,0.75197,-0.12875,0.10024,0.949,-0.314,-0.027,-0.013
3.4,0.75229,-0.13105,0.10767,0.949,-0.314,-0.027,-0.013
3.45,0.75262,-0.13341,0.11512,0.949,-0.314,-0.027,-0.013
3.5,0.75294,-0.13588,0.12252,0.949,-0.314,-0.027,-0.013
3.55,0.75325,-0.13849,0.1298,0.949,-0.314,-0.027,-0.013
3.6,0.75355,-0.14127,0.13681,0.949,-0.314,-0.027,-0.013
3.65,0.75386,-0.14422,0.14345,0.949,-0.314,-0.027,-0.013
3.7,0.75415,-0.14735,0.14957,0.949,-0.314,-0.027,-0.013
3.75,0.75443,-0.15064,0.15491,0.949,-0.314,-0.027,-0.013
3.8,0.75469,-0.15402,0.15906,0.949,-0.314,-0.027,-0.013
3.85,0.75491,-0.15737,0.16145,0.949,-0.314,-0.027,-0.013
3.9,0.75512,-0.16052,0.16153,0.949,-0.314,-0.027,-0.013
3.95,0.75537,-0.16337,0.1592,0.949,-0.314,-0.027,-0.013
4,0.75566,-0.16583,0.15496,0.949,-0.314,-0.027,-0.013
4.05,0.75597,-0.16787,0.14953,0.949,-0.314,-0.027,-0.013
4.1,0.75628,-0.16951,0.14359,0.949,-0.314,-0.027,-0.013
4.15,0.75656,-0.17081,0.13755,0.949,-0.314,-0.027,-0.013
4.2,0.75683,-0.17188,0.13165,0.949,-0.314,-0.027,-0.013
4.25,0.7571,-0.17279,0.12595,0.949,-0.314,-0.027,-0.013
4.3,0.75736,-0.1736,0.12046,0.949,-0.314,-0.027,-0.013
4.35,0.75763,-0.17437,0.11515,0.949,-0.314,-0.027,-0.013
4.4,0.7579,-0.1751,0.10997,0.949,-0.314,-0.027,-0.013
4.45,0.75817,-0.17583,0.10488,0.949,-0.314,-0.027,-0.013
4.5,0.75845,-0.17656,0.099851,0.949,-0.314,-0.027,-0.013
4.55,0.75872,-0.17729,0.094863,0.949,-0.314,-0.027,-0.013
4.6,0.75899,-0.17802,0.0899,0.949,-0.314,-0.027,-0.013
4.65,0.75925,-0.17875,0.084949,0.949,-0.314,-0.027,-0.013
4.7,0.75948,-0.17948,0.079997,0.949,-0.314,-0.027,-0.013
4.75,0.75966,-0.18021,0.075031,0.949,-0.314,-0.027,-0.013
4.8,0.75975,-0.18094,0.070021,0.949,-0.314,-0.027,-0.013
4.85,0.75969,-0.18165,0.064914,0.949,-0.314,-0.027,-0.013
4.9,0.75937,-0.18232,0.059601,0.949,-0.314,-0.027,-0.013
4.95,0.75863,-0.18293,0.053907,0.949,-0.314,-0.027,-0.013
5,0.75738,-0.18346,0.047711,0.949,-0.314,-0.027,-0.013
