0.05,0.85601,0.15716,0.35857,0.949,-0.314,-0.027,-0.013
0.1,0.83697,0.13891,0.36484,0.949,-0.314,-0.027,-0.013
0.15,0.81916,0.12091,0.37002,0.949,-0.314,-0.027,-0.013
0.2,0.803,0.10338,0.37395,0.949,-0.314,-0.027,-0.013
0.25,0.78862,0.086594,0.37677,0.949,-0.314,-0.027,-0.013
0.3,0.77613,0.070834,0.37871,0.949,-0.314,-0.027,-0.013
0.35,0.76568,0.056454,0.37993,0.949,-0.314,-0.027,-0.013
0.4,0.75751,0.04382,0.38052,0.949,-0.314,-0.027,-0.013
0.45,0.75167,0.033121,0.38042,0.949,-0.314,-0.027,-0.013
0.5,0.74761,0.024087,0.37939,0.949,-0.314,-0.027,-0.013
0.55,0.74409,0.01599,0.37715,0.949,-0.314,-0.027,-0.013
0.6,0.74005,0.008214,0.37365,0.949,-0.314,-0.027,-0.013
0.65,0.73535,0.00024308,0.36903,0.949,-0.314,-0.027,-0.013
0.7,0.73039,-0.0084213,0.36339,0.949,-0.314,-0.027,-0.013
0.75,0.72557,-0.018043,0.35684,0.949,-0.314,-0.027,-0.013
0.8,0.72113,-0.028611,0.3495,0.949,-0.314,-0.027,-0.013
0.85,0.7172,-0.039969,0.34145,0.949,-0.314,-0.027,-0.013
0.9,0.71387,-0.051843,0.33276,0.949,-0.314,-0.027,-0.013
0.95,0.71131,-0.063794,0.32343,0.949,-0.314,-0.027,-0.013
1,0.70969,-0.075233,0.31345,0.949,-0.314,-0.027,-0.013
1.05,0.70921,-0.085538,0.30285,0.949,-0.314,-0.027,-0.013
1.1,0.70991,-0.094202,0.2917,0.949,-0.314,-0.027,-0.013
1.15,0.7117,-0.10097,0.28016,0.949,-0.314,-0.027,-0.013
1.2,0.71433,-0.1059,0.26835,0.949,-0.314,-0.027,-0.013
1.25,0.7175,-0.10927,0.2564,0.949,-0.314,-0.027,-0.013
1.3,0.72097,-0.1115,0.24445,0.949,-0.314,-0.027,-0.013
1.35,0.7246,-0.11303,0.23259,0.949,-0.314,-0.027,-0.013
1.4,0.72834,-0.11419,0.22093,0.949,-0.314,-0.027,-0.013
1.45,0.73214,-0.11519,0.20951,0.949,-0.314,-0.027,-0.013
1.5,0.73594,-0.11611,0.19839,0.949,-0.314,-0.027,-0.013
1.55,0.73961,-0.11693,0.18764,0.949,-0.314,-0.027,-0.013
1.6,0.74299,-0.11763,0.17741,0.949,-0.314,-0.027,-0.013
1.65,0.74588,-0.11818,0.16789,0.949,-0.314,-0.027,-0.013
1.7,0.74811,-0.11853,0.15924,0.949,-0.314,-0.027,-0.013
1.75,0.74959,-0.1187,0.15154,0.949,-0.314,-0.027,-0.013
1.8,0.75031,-0.1187,0.14472,0.949,-0.314,-0.027,-0.013
1.85,0.75039,-0.11859,0.13864,0.949,-0.314,-0.027,-0.013
1.9,0.75003,-0.11844,0.13309,0.949,-0.314,-0.027,-0.013
1.95,0.74943,-0.11829,0.1279,0.949,-0.314,-0.027,-0.013
2,0.74877,-0.11814,0.12294,0.949,-0.314,-0.027,-0.013
2.05,0.74816,-0.118,0.1181,0.949,-0.314,-0.027,-0.013
2.1,0.74766,-0.11786,0.11332,0.949,-0.314,-0.027,-0.013
2.15,0.74728,-0.11771,0.10856,0.949,-0.314,-0.027,-0.013
2.2,0.74702,-0.11757,0.10378,0.949,-0.314,-0.027,-0.013
2.25,0.74688,-0.11742,0.098952,0.949,-0.314,-0.027,-0.013
2.3,0.74682,-0.11727,0.094071,0.949,-0.314,-0.027,-0.013
2.35,0.74684,-0.1171,0.089113,0.949,-0.314,-0.027,-0.013
2.4,0.74692,-0.11691,0.084058,0.949,-0.314,-0.027,-0.013
2.45,0.74705,-0.11668,0.078877,0.949,-0.314,-0.027,-0.013
2.5,0.74721,-0.1164,0.073543,0.949,-0.314,-0.027,-0.013
2.55,0.74739,-0.11603,0.068039,0.949,-0.314,-0.027,-0.013
2.6,0.74759,-0.11556,0.062384,0.949,-0.314,-0.027,-0.013
2.65,0.7478,-0.11497,0.056672,0.949,-0.314,-0.027,-0.013
2.7,0.74802,-0.11427,0.051137,0.949,-0.314,-0.027,-0.013
2.75,0.74825,-0.11351,0.046218,0.949,-0.314,-0.027,-0.013
2.8,0.74848,-0.11282,0.042587,0.949,-0.314,-0.027,-0.013
2.85,0.74871,-0.11241,0.041011,0.949,-0.314,-0.027,-0.013
2.9,0.74897,-0.11248,0.041956,0.949,-0.314,-0.027,-0.013
2.95,0.74926,-0.11315,0.045272,0.949,-0.314,-0.027,-0.013
3,0.74958,-0.11437,0.050377,0.949,-0.314,-0.027,-0.013
3.05,0.74992,-0.11599,0.056631,0.949,-0.314,-0.027,-0.013
3.1,0.75027,-0.11788,0.063528,0.949,-0.314,-0.027,-0.013
3.15,0.75062,-0.11994,0.070737,0.949,-0.314,-0.027,-0.013
3.2,0.75096,-0.12208,0.078071,0.949,-0.314,-0.027,-0.013
3.25,0.7513,-0.12428,0.085443,0.949,-0.314,-0.027,-0.013
3.3,0.75163,-0.1265,0.09283,0.949,-0.314,-0.027,-0.013
3.35,0.75197,-0.12875,0.10024,0.949,-0.314,-0.027,-0.013
3.4,0.75229,-0.13105,0.10767,0.949,-0.314,-0.027,-0.013
3.45,0.75262,-0.13341,0.11512,0.949,-0.314,-0.027,-0.013
3.5,0.75294,-0.13588,0.12252,0.949,-0.314,-0.027,-0.013
3.55,0.75325,-0.13849,0.1298,0.949,-0.314,-0.027,-0.013
3.6,0.75355,-0.14127,0.13681,0.949,-0.314,-0.027,-0.013
3.65,0.75386,-0.14422,0.14345,0.949,-0.314,-0.027,-0.013
3.7,0.75415,-0.14735,0.14957,0.949,-0.314,-0.027,-0.013
3.75,0.75443,-0.15064,0.15491,0.949,-0.314,-0.027,-0.013
3.8,0.75469,-0.15402,0.15906,0.949,-0.314,-0.027,-0.013
3.85,0.75491,-0.15737,0.16145,0.949,-0.314,-0.027,-0.013
3.9,0.75512,-0.16052,0.16153,0.949,-0.314,-0.027,-0.013
3.95,0.75537,-0.16337,0.1592,0.949,-0.314,-0.027,-0.013
4,0.75566,-0.16583,0.15496,0.949,-0.314,-0.027,-0.013
4.05,0.75597,-0.16787,0.14953,0.949,-0.314,-0.027,-0.013
4.1,0.75628,-0.16951,0.14359,0.949,-0.314,-0.027,-0.013
4.15,0.75656,-0.17081,0.13755,0.949,-0.314,-0.027,-0.013
4.2,0.75683,-0.17188,0.13165,0.949,-0.314,-0.027,-0.013
4.25,0.7571,-0.17279,0.12595,0.949,-0.314,-0.027,-0.013
4.3,0.75736,-0.1736,0.12046,0.949,-0.314,-0.027,-0.013
4.35,0.75763,-0.17436,0.11515,0.949,-0.314,-0.027,-0.013
4.4,0.75791,-0.1751,0.10997,0.949,-0.314,-0.027,-0.013
4.45,0.75819,-0.17583,0.10488,0.949,-0.314,-0.027,-0.013
4.5,0.75848,-0.17655,0.099851,0.949,-0.314,-0.027,-0.013
4.55,0.75878,-0.17726,0.094864,0.949,-0.314,-0.027,-0.013
4.6,0.75909,-0.17797,0.089901,0.949,-0.314,-0.027,-0.013
4.65,0.75941,-0.17867,0.084949,0.949,-0.314,-0.027,-0.013
4.7,0.75977,-0.17933,0.079995,0.949,-0.314,-0.027,-0.013
4.75,0.76016,-0.17993,0.075025,0.949,-0.314,-0.027,-0.013
4.8,0.76063,-0.1804,0.070016,0.949,-0.314,-0.027,-0.013
4.85,0.76121,-0.18062,0.064933,0.949,-0.314,-0.027,-0.013
4.9,0.76195,-0.18034,0.059731,0.949,-0.314,-0.027,-0.013
4.95,0.76294,-0.17917,0.054381,0.949,-0.314,-0.027,-0.013
5,0.76418,-0.17674,0.048943,0.949,-0.314,-0.027,-0.013
