0.05,0.52769,-0.11312,0.46639,0.949,-0.314,-0.027,-0.013
0.1,0.54792,-0.1176,0.44525,0.949,-0.314,-0.027,-0.013
0.15,0.56638,-0.12163,0.42669,0.949,-0.314,-0.027,-0.013
0.2,0.58256,-0.12507,0.41123,0.949,-0.314,-0.027,-0.013
0.25,0.59652,-0.12793,0.39867,0.949,-0.314,-0.027,-0.013
0.3,0.60849,-0.13025,0.38866,0.949,-0.314,-0.027,-0.013
0.35,0.61869,-0.13208,0.38086,0.949,-0.314,-0.027,-0.013
0.4,0.6273,-0.13341,0.37499,0.949,-0.314,-0.027,-0.013
0.45,0.63447,-0.13413,0.37069,0.949,-0.314,-0.027,-0.013
0.5,0.64039,-0.13398,0.36737,0.949,-0.314,-0.027,-0.013
0.55,0.6453,-0.13261,0.36423,0.949,-0.314,-0.027,-0.013
0.6,0.64953,-0.12994,0.36058,0.949,-0.314,-0.027,-0.013
0.65,0.65339,-0.12646,0.35617,0.949,-0.314,-0.027,-0.013
0.7,0.65718,-0.123,0.351,0.949,-0.314,-0.027,-0.013
0.75,0.66111,-0.12012,0.34515,0.949,-0.314,-0.027,-0.013
0.8,0.66531,-0.11802,0.33868,0.949,-0.314,-0.027,-0.013
0.85,0.66981,-0.11669,0.33168,0.949,-0.314,-0.027,-0.013
0.9,0.6746,-0.11604,0.32417,0.949,-0.314,-0.027,-0.013
0.95,0.67965,-0.11594,0.31611,0.949,-0.314,-0.027,-0.013
1,0.68488,-0.11623,0.30742,0.949,-0.314,-0.027,-0.013
1.05,0.69023,-0.11671,0.29802,0.949,-0.314,-0.027,-0.013
1.1,0.69563,-0.11723,0.28792,0.949,-0.314,-0.027,-0.013
1.15,0.70098,-0.1177,0.2772,0.949,-0.314,-0.027,-0.013
1.2,0.70617,-0.11807,0.26602,0.949,-0.314,-0.027,-0.013
1.25,0.71113,-0.11833,0.25453,0.949,-0.314,-0.027,-0.013
1.3,0.71583,-0.11851,0.2429,0.949,-0.314,-0.027,-0.013
1.35,0.72037,-0.11865,0.23129,0.949,-0.314,-0.027,-0.013
1.4,0.72483,-0.11878,0.21984,0.949,-0.314,-0.027,-0.013
1.45,0.72927,-0.11894,0.20861,0.949,-0.314,-0.027,-0.013
1.5,0.73364,-0.11911,0.19766,0.949,-0.314,-0.027,-0.013
1.55,0.73781,-0.11928,0.18707,0.949,-0.314,-0.027,-0.013
1.6,0.74163,-0.11941,0.17698,0.949,-0.314,-0.027,-0.013
1.65,0.74489,-0.11946,0.16758,0.949,-0.314,-0.027,-0.013
1.7,0.74743,-0.11941,0.15902,0.949,-0.314,-0.027,-0.013
1.75,0.74915,-0.11926,0.1514,0.949,-0.314,-0.027,-0.013
1.8,0.75005,-0.11903,0.14464,0.949,-0.314,-0.027,-0.013
1.85,0.75025,-0.11877,0.13859,0.949,-0.314,-0.027,-0.013
1.9,0.74996,-0.11852,0.13306,0.949,-0.314,-0.027,-0.013
1.95,0.7494,-0.11832,0.12789,0.949,-0.314,-0.027,-0.013
2,0.74876,-0.11816,0.12293,0.949,-0.314,-0.027,-0.013
2.05,0.74816,-0.11801,0.1181,0.949,-0.314,-0.027,-0.013
2.1,0.74766,-0.11786,0.11332,0.949,-0.314,-0.027,-0.013
2.15,0.74728,-0.11771,0.10856,0.949,-0.314,-0.027,-0.013
2.2,0.74702,-0.11757,0.10378,0.949,-0.314,-0.027,-0.013
2.25,0.74688,-0.11742,0.098952,0.949,-0.314,-0.027,-0.013
2.3,0.74682,-0.11727,0.094071,0.949,-0.314,-0.027,-0.013
2.35,0.74684,-0.1171,0.089113,0.949,-0.314,-0.027,-0.013
2.4,0.74692,-0.11691,0.084058,0.949,-0.314,-0.027,-0.013
2.45,0.74705,-0.11668,0.078877,0.949,-0.314,-0.027,-0.013
2.5,0.74721,-0.1164,0.073543,0.949,-0.314,-0.027,-0.013
2.55,0.74739,-0.11603,0.068039,0.949,-0.314,-0.027,-0.013
2.6,0.74759,-0.11556,0.062384,0.949,-0.314,-0.027,-0.013
2.65,0.7478,-0.11497,0.056672,0.949,-0.314,-0.027,-0.013
2.7,0.74802,-0.11427,0.051136,0.949,-0.314,-0.027,-0.013
2.75,0.74825,-0.11351,0.046218,0.949,-0.314,-0.027,-0.013
2.8,0.74848,-0.11282,0.042587,0.949,-0.314,-0.027,-0.013
2.85,0.74871,-0.11241,0.041011,0.949,-0.314,-0.027,-0.013
2.9,0.74897,-0.11248,0.041956,0.949,-0.314,-0.027,-0.013
2.95,0.74926,-0.11315,0.045272,0.949,-0.314,-0.027,-0.013
3,0.74958,-0.11437,0.050377,0.949,-0.314,-0.027,-0.013
3.05,0.74992,-0.11599,0.056631,0.949,-0.314,-0.027,-0.013
3.1,0.75027,-0.11788,0.063528,0.949,-0.314,-0.027,-0.013
3.15,0.75062,-0.11994,0.070737,0.949,-0.314,-0.027,-0.013
3.2,0.75096,-0.12208,0.078071,0.949,-0.314,-0.027,-0.013
3.25,0.7513,-0.12428,0.085443,0.949,-0.314,-0.027,-0.013
3.3,0.75163,-0.1265,0.09283,0.949,-0.314,-0.027,-0.013
3.35,0.75197,-0.12875,0.10024,0.949,-0.314,-0.027,-0.013
3.4,0.75229,-0.13105,0.10767,0.949,-0.314,-0.027,-0.013
3.45,0.75262,-0.13341,0.11512,0.949,-0.314,-0.027,-0.013
3.5,0.75294,-0.13588,0.12252,0.949,-0.314,-0.027,-0.013
3.55,0.75325,-0.13849,0.1298,0.949,-0.314,-0.027,-0.013
3.6,0.75355,-0.14127,0.13681,0.949,-0.314,-0.027,-0.013
3.65,0.75386,-0.14422,0.14345,0.949,-0.314,-0.027,-0.013
3.7,0.75415,-0.14735,0.14957,0.949,-0.314,-0.027,-0.013
3.75,0.75443,-0.15064,0.15491,0.949,-0.314,-0.027,-0.013
3.8,0.75469,-0.15402,0.15906,0.949,-0.314,-0.027,-0.013
3.85,0.75491,-0.15737,0.16145,0.949,-0.314,-0.027,-0.013
3.9,0.75512,-0.16052,0.16153,0.949,-0.314,-0.027,-0.013
3.95,0.75537,-0.16337,0.1592,0.949,-0.314,-0.027,-0.013
4,0.75566,-0.16583,0.15496,0.949,-0.314,-0.027,-0.013
4.05,0.75597,-0.16787,0.14953,0.949,-0.314,-0.027,-0.013
4.1,0.75628,-0.16951,0.14359,0.949,-0.314,-0.027,-0.013
4.15,0.75656,-0.17081,0.13755,0.949,-0.314,-0.027,-0.013
4.2,0.75683,-0.17188,0.13165,0.949,-0.314,-0.027,-0.013
4.25,0.7571,-0.17279,0.12595,0.949,-0.314,-0.027,-0.013
4.3,0.75736,-0.1736,0.12046,0.949,-0.314,-0.027,-0.013
4.35,0.75763,-0.17436,0.11515,0.949,-0.314,-0.027,-0.013
4.4,0.75791,-0.1751,0.10997,0.949,-0.314,-0.027,-0.013
4.45,0.75819,-0.17583,0.10488,0.949,-0.314,-0.027,-0.013
4.5,0.75847,-0.17655,0.099851,0.949,-0.314,-0.027,-0.013
4.55,0.75877,-0.17727,0.094863,0.949,-0.314,-0.027,-0.013
4.6,0.75907,-0.17798,0.089899,0.949,-0.314,-0.027,-0.013
4.65,0.75938,-0.17868,0.084946,0.949,-0.314,-0.027,-0.013
4.7,0.7597,-0.17935,0.079991,0.949,-0.314,-0.027,-0.013
4.75,0.76005,-0.17997,0.075019,0.949,-0.314,-0.027,-0.013
4.8,0.76042,-0.18048,0.070006,0.949,-0.314,-0.027,-0.013
4.85,0.76085,-0.18076,0.064919,0.949,-0.314,-0.027,-0.013
4.9,0.76132,-0.18058,0.059719,0.949,-0.314,-0.027,-0.013
4.95,0.76184,-0.17957,0.054385,0.949,-0.314,-0.027,-0.013
5,0.76238,-0.17738,0.048991,0.949,-0.314,-0.027,-0.013
