0.05,0.74226,-0.43632,0.4333,0.949,-0.314,-0.027,-0.013
0.1,0.73375,-0.41628,0.42711,0.949,-0.314,-0.027,-0.013
0.15,0.72558,-0.39655,0.42106,0.949,-0.314,-0.027,-0.013
0.2,0.71791,-0.37736,0.41521,0.949,-0.314,-0.027,-0.013
0.25,0.71084,-0.35893,0.40964,0.949,-0.314,-0.027,-0.013
0.3,0.70453,-0.34158,0.40444,0.949,-0.314,-0.027,-0.013
0.35,0.69926,-0.32572,0.39972,0.949,-0.314,-0.027,-0.013
0.4,0.69538,-0.31176,0.39563,0.949,-0.314,-0.027,-0.013
0.45,0.69323,-0.29984,0.39219,0.949,-0.314,-0.027,-0.013
0.5,0.6927,-0.28919,0.38914,0.949,-0.314,-0.027,-0.013
0.55,0.693,-0.27808,0.38581,0.949,-0.314,-0.027,-0.013
0.6,0.69314,-0.26518,0.38155,0.949,-0.314,-0.027,-0.013
0.65,0.6929,-0.25063,0.37617,0.949,-0.314,-0.027,-0.013
0.7,0.69255,-0.23546,0.36979,0.949,-0.314,-0.027,-0.013
0.75,0.69243,-0.22058,0.36255,0.949,-0.314,-0.027,-0.013
0.8,0.69271,-0.20636,0.35457,0.949,-0.314,-0.027,-0.013
0.85,0.69345,-0.19289,0.34592,0.949,-0.314,-0.027,-0.013
0.9,0.69466,-0.18023,0.33664,0.949,-0.314,-0.027,-0.013
0.95,0.69633,-0.1685,0.32672,0.949,-0.314,-0.027,-0.013
1,0.69852,-0.15788,0.31615,0.949,-0.314,-0.027,-0.013
1.05,0.70126,-0.14862,0.30497,0.949,-0.314,-0.027,-0.013
1.1,0.70453,-0.14096,0.29331,0.949,-0.314,-0.027,-0.013
1.15,0.70822,-0.135,0.28133,0.949,-0.314,-0.027,-0.013
1.2,0.71213,-0.13066,0.26919,0.949,-0.314,-0.027,-0.013
1.25,0.71606,-0.12766,0.25699,0.949,-0.314,-0.027,-0.013
1.3,0.7199,-0.12561,0.24479,0.949,-0.314,-0.027,-0.013
1.35,0.72365,-0.12417,0.23273,0.949,-0.314,-0.027,-0.013
1.4,0.72739,-0.1231,0.22089,0.949,-0.314,-0.027,-0.013
1.45,0.73118,-0.12227,0.20936,0.949,-0.314,-0.027,-0.013
1.5,0.735,-0.12162,0.19817,0.949,-0.314,-0.027,-0.013
1.55,0.73873,-0.12111,0.1874,0.949,-0.314,-0.027,-0.013
1.6,0.74221,-0.12069,0.17719,0.949,-0.314,-0.027,-0.013
1.65,0.74524,-0.12032,0.16769,0.949,-0.314,-0.027,-0.013
1.7,0.74762,-0.11996,0.15908,0.949,-0.314,-0.027,-0.013
1.75,0.74924,-0.11958,0.15142,0.949,-0.314,-0.027,-0.013
1.8,0.75009,-0.11921,0.14465,0.949,-0.314,-0.027,-0.013
1.85,0.75027,-0.11886,0.13859,0.949,-0.314,-0.027,-0.013
1.9,0.74997,-0.11857,0.13306,0.949,-0.314,-0.027,-0.013
1.95,0.7494,-0.11834,0.12789,0.949,-0.314,-0.027,-0.013
2,0.74876,-0.11816,0.12293,0.949,-0.314,-0.027,-0.013
2.05,0.74816,-0.11801,0.1181,0.949,-0.314,-0.027,-0.013
2.1,0.74766,-0.11786,0.11332,0.949,-0.314,-0.027,-0.013
2.15,0.74728,-0.11771,0.10856,0.949,-0.314,-0.027,-0.013
2.2,0.74702,-0.11757,0.10378,0.949,-0.314,-0.027,-0.013
2.25,0.74688,-0.11742,0.098952,0.949,-0.314,-0.027,-0.013
2.3,0.74682,-0.11727,0.094071,0.949,-0.314,-0.027,-0.013
2.35,0.74684,-0.1171,0.089113,0.949,-0.314,-0.027,-0.013
2.4,0.74692,-0.11691,0.084058,0.949,-0.314,-0.027,-0.013
2.45,0.74705,-0.11668,0.078877,0.949,-0.314,-0.027,-0.013
2.5,0.74721,-0.1164,0.073543,0.949,-0.314,-0.027,-0.013
2.55,0.74739,-0.11603,0.068039,0.949,-0.314,-0.027,-0.013
2.6,0.74759,-0.11556,0.062384,0.949,-0.314,-0.027,-0.013
2.65,0.7478,-0.11497,0.056672,0.949,-0.314,-0.027,-0.013
2.7,0.74802,-0.11427,0.051137,0.949,-0.314,-0.027,-0.013
2.75,0.74825,-0.11351,0.046218,0.949,-0.314,-0.027,-0.013
2.8,0.74848,-0.11282,0.042587,0.949,-0.314,-0.027,-0.013
2.85,0.74871,-0.11241,0.041011,0.949,-0.314,-0.027,-0.013
2.9,0.74897,-0.11248,0.041956,0.949,-0.314,-0.027,-0.013
2.95,0.74926,-0.11315,0.045272,0.949,-0.314,-0.027,-0.013
3,0.74958,-0.11437,0.050378,0.949,-0.314,-0.027,-0.013
3.05,0.74992,-0.11599,0.056631,0.949,-0.314,-0.027,-0.013
3.1,0.75027,-0.11788,0.063528,0.949,-0.314,-0.027,-0.013
3.15,0.75062,-0.11994,0.070737,0.949,-0.314,-0.027,-0.013
3.2,0.75096,-0.12208,0.078071,0.949,-0.314,-0.027,-0.013
3.25,0.7513,-0.12428,0.085443,0.949,-0.314,-0.027,-0.013
3.3,0.75163,-0.1265,0.09283,0.949,-0.314,-0.027,-0.013
3.35,0.75197,-0.12875,0.10024,0.949,-0.314,-0.027,-0.013
3.4,0.75229,-0.13105,0.10767,0.949,-0.314,-0.027,-0.013
3.45,0.75262,-0.13341,0.11512,0.949,-0.314,-0.027,-0.013
3.5,0.75294,-0.13588,0.12252,0.949,-0.314,-0.027,-0.013
3.55,0.75325,-0.13849,0.1298,0.949,-0.314,-0.027,-0.013
3.6,0.75355,-0.14127,0.13681,0.949,-0.314,-0.027,-0.013
3.65,0.75386,-0.14422,0.14345,0.949,-0.314,-0.027,-0.013
3.7,0.75415,-0.14735,0.14957,0.949,-0.314,-0.027,-0.013
3.75,0.75443,-0.15064,0.15491,0.949,-0.314,-0.027,-0.013
3.8,0.75469,-0.15402,0.15906,0.949,-0.314,-0.027,-0.013
3.85,0.75491,-0.15737,0.16145,0.949,-0.314,-0.027,-0.013
3.9,0.75512,-0.16052,0.16153,0.949,-0.314,-0.027,-0.013
3.95,0.75537,-0.16337,0.1592,0.949,-0.314,-0.027,-0.013
4,0.75566,-0.16583,0.15496,0.949,-0.314,-0.027,-0.013
4.05,0.75597,-0.16787,0.14953,0.949,-0.314,-0.027,-0.013
4.1,0.75628,-0.16951,0.14359,0.949,-0.314,-0.027,-0.013
4.15,0.75656,-0.17081,0.13755,0.949,-0.314,-0.027,-0.013
4.2,0.75683,-0.17188,0.13165,0.949,-0.314,-0.027,-0.013
4.25,0.7571,-0.17279,0.12595,0.949,-0.314,-0.027,-0.013
4.3,0.75736,-0.1736,0.12046,0.949,-0.314,-0.027,-0.013
4.35,0.75763,-0.17436,0.11515,0.949,-0.314,-0.027,-0.013
4.4,0.7579,-0.1751,0.10997,0.949,-0.314,-0.027,-0.013
4.45,0.75818,-0.17583,0.10488,0.949,-0.314,-0.027,-0.013
4.5,0.75847,-0.17655,0.099851,0.949,-0.314,-0.027,-0.013
4.55,0.75875,-0.17727,0.094863,0.949,-0.314,-0.027,-0.013
4.6,0.75905,-0.17799,0.089898,0.949,-0.314,-0.027,-0.013
4.65,0.75934,-0.17869,0.084943,0.949,-0.314,-0.027,-0.013
4.7,0.75964,-0.17938,0.079986,0.949,-0.314,-0.027,-0.013
4.75,0.75994,-0.18001,0.075008,0.949,-0.314,-0.027,-0.013
4.8,0.76024,-0.18055,0.069983,0.949,-0.314,-0.027,-0.013
4.85,0.76053,-0.18089,0.064866,0.949,-0.314,-0.027,-0.013
4.9,0.76077,-0.18083,0.059593,0.949,-0.314,-0.027,-0.013
4.95,0.76092,-0.18005,0.054098,0.949,-0.314,-0.027,-0.013
5,0.76091,-0.17824,0.048405,0.949,-0.314,-0.027,-0.013
