0.05,0.53675,0.14981,0.29924,0.949,-0.314,-0.027,-0.013
0.1,0.54928,0.12943,0.30346,0.949,-0.314,-0.027,-0.013
0.15,0.56146,0.10949,0.30773,0.949,-0.314,-0.027,-0.013
0.2,0.57314,0.090261,0.31205,0.949,-0.314,-0.027,-0.013
0.25,0.58425,0.071976,0.31635,0.949,-0.314,-0.027,-0.013
0.3,0.59471,0.054919,0.32053,0.949,-0.314,-0.027,-0.013
0.35,0.60441,0.039473,0.32443,0.949,-0.314,-0.027,-0.013
0.4,0.61314,0.026099,0.32777,0.949,-0.314,-0.027,-0.013
0.45,0.62069,0.015164,0.33023,0.949,-0.314,-0.027,-0.013
0.5,0.62694,0.0065727,0.33157,0.949,-0.314,-0.027,-0.013
0.55,0.63214,-0.00042246,0.33186,0.949,-0.314,-0.027,-0.013
0.6,0.63675,-0.0067161,0.33138,0.949,-0.314,-0.027,-0.013
0.65,0.64118,-0.013043,0.33019,0.949,-0.314,-0.027,-0.013
0.7,0.64565,-0.019996,0.32823,0.949,-0.314,-0.027,-0.013
0.75,0.65034,-0.027884,0.32545,0.949,-0.314,-0.027,-0.013
0.8,0.65533,-0.036733,0.32189,0.949,-0.314,-0.027,-0.013
0.85,0.66068,-0.046426,0.31762,0.949,-0.314,-0.027,-0.013
0.9,0.66638,-0.056748,0.31265,0.949,-0.314,-0.027,-0.013
0.95,0.67237,-0.067333,0.30692,0.949,-0.314,-0.027,-0.013
1,0.67855,-0.077657,0.30029,0.949,-0.314,-0.027,-0.013
1.05,0.68481,-0.087128,0.29263,0.949,-0.314,-0.027,-0.013
1.1,0.69102,-0.095228,0.28391,0.949,-0.314,-0.027,-0.013
1.15,0.69705,-0.10165,0.27423,0.949,-0.314,-0.027,-0.013
1.2,0.70281,-0.10638,0.2638,0.949,-0.314,-0.027,-0.013
1.25,0.70827,-0.10966,0.25285,0.949,-0.314,-0.027,-0.013
1.3,0.71345,-0.1119,0.24163,0.949,-0.314,-0.027,-0.013
1.35,0.71846,-0.11348,0.23036,0.949,-0.314,-0.027,-0.013
1.4,0.72338,-0.11471,0.21917,0.949,-0.314,-0.027,-0.013
1.45,0.72822,-0.11576,0.20816,0.949,-0.314,-0.027,-0.013
1.5,0.73293,-0.11669,0.19737,0.949,-0.314,-0.027,-0.013
1.55,0.73737,-0.11749,0.1869,0.949,-0.314,-0.027,-0.013
1.6,0.74138,-0.11813,0.17689,0.949,-0.314,-0.027,-0.013
1.65,0.74477,-0.11859,0.16754,0.949,-0.314,-0.027,-0.013
1.7,0.74739,-0.11885,0.15901,0.949,-0.314,-0.027,-0.013
1.75,0.74915,-0.11892,0.1514,0.949,-0.314,-0.027,-0.013
1.8,0.75006,-0.11884,0.14465,0.949,-0.314,-0.027,-0.013
1.85,0.75025,-0.11867,0.1386,0.949,-0.314,-0.027,-0.013
1.9,0.74996,-0.11848,0.13307,0.949,-0.314,-0.027,-0.013
1.95,0.7494,-0.1183,0.12789,0.949,-0.314,-0.027,-0.013
2,0.74876,-0.11815,0.12293,0.949,-0.314,-0.027,-0.013
2.05,0.74816,-0.118,0.1181,0.949,-0.314,-0.027,-0.013
2.1,0.74766,-0.11786,0.11332,0.949,-0.314,-0.027,-0.013
2.15,0.74728,-0.11771,0.10856,0.949,-0.314,-0.027,-0.013
2.2,0.74702,-0.11757,0.10378,0.949,-0.314,-0.027,-0.013
2.25,0.74688,-0.11742,0.098952,0.949,-0.314,-0.027,-0.013
2.3,0.74682,-0.11727,0.094071,0.949,-0.314,-0.027,-0.013
2.35,0.74684,-0.1171,0.089113,0.949,-0.314,-0.027,-0.013
2.4,0.74692,-0.11691,0.084058,0.949,-0.314,-0.027,-0.013
2.45,0.74705,-0.11668,0.078877,0.949,-0.314,-0.027,-0.013
2.5,0.74721,-0.1164,0.073543,0.949,-0.314,-0.027,-0.013
2.55,0.74739,-0.11603,0.068039,0.949,-0.314,-0.027,-0.013
2.6,0.74759,-0.11556,0.062384,0.949,-0.314,-0.027,-0.013
2.65,0.7478,-0.11497,0.056672,0.949,-0.314,-0.027,-0.013
2.7,0.74802,-0.11427,0.051136,0.949,-0.314,-0.027,-0.013
2.75,0.74825,-0.11351,0.046218,0.949,-0.314,-0.027,-0.013
2.8,0.74848,-0.11282,0.042587,0.949,-0.314,-0.027,-0.013
2.85,0.74871,-0.11241,0.041011,0.949,-0.314,-0.027,-0.013
2.9,0.74897,-0.11248,0.041956,0.949,-0.314,-0.027,-0.013
2.95,0.74926,-0.11315,0.045272,0.949,-0.314,-0.027,-0.013
3,0.74958,-0.11437,0.050377,0.949,-0.314,-0.027,-0.013
3.05,0.74992,-0.11599,0.056631,0.949,-0.314,-0.027,-0.013
3.1,0.75027,-0.11788,0.063528,0.949,-0.314,-0.027,-0.013
3.15,0.75062,-0.11994,0.070737,0.949,-0.314,-0.027,-0.013
3.2,0.75096,-0.12208,0.078071,0.949,-0.314,-0.027,-0.013
3.25,0.7513,-0.12428,0.085443,0.949,-0.314,-0.027,-0.013
3.3,0.75163,-0.1265,0.09283,0.949,-0.314,-0.027,-0.013
3.35,0.75197,-0.12875,0.10024,0.949,-0.314,-0.027,-0.013
3.4,0.75229,-0.13105,0.10767,0.949,-0.314,-0.027,-0.013
3.45,0.75262,-0.13341,0.11512,0.949,-0.314,-0.027,-0.013
3.5,0.75294,-0.13588,0.12252,0.949,-0.314,-0.027,-0.013
3.55,0.75325,-0.13849,0.1298,0.949,-0.314,-0.027,-0.013
3.6,0.75355,-0.14127,0.13681,0.949,-0.314,-0.027,-0.013
3.65,0.75386,-0.14422,0.14345,0.949,-0.314,-0.027,-0.013
3.7,0.75415,-0.14735,0.14957,0.949,-0.314,-0.027,-0.013
3.75,0.75443,-0.15064,0.15491,0.949,-0.314,-0.027,-0.013
3.8,0.75469,-0.15402,0.15906,0.949,-0.314,-0.027,-0.013
3.85,0.75491,-0.15737,0.16145,0.949,-0.314,-0.027,-0.013
3.9,0.75512,-0.16052,0.16153,0.949,-0.314,-0.027,-0.013
3.95,0.75537,-0.16337,0.1592,0.949,-0.314,-0.027,-0.013
4,0.75566,-0.16583,0.15496,0.949,-0.314,-0.027,-0.013
4.05,0.75597,-0.16787,0.14953,0.949,-0.314,-0.027,-0.013
4.1,0.75628,-0.16951,0.14359,0.949,-0.314,-0.027,-0.013
4.15,0.75656,-0.17081,0.13755,0.949,-0.314,-0.027,-0.013
4.2,0.75683,-0.17188,0.13165,0.949,-0.314,-0.027,-0.013
4.25,0.7571,-0.17279,0.12595,0.949,-0.314,-0.027,-0.013
4.3,0.75736,-0.1736,0.12046,0.949,-0.314,-0.027,-0.013
4.35,0.75763,-0.17437,0.11515,0.949,-0.314,-0.027,-0.013
4.4,0.7579,-0.1751,0.10997,0.949,-0.314,-0.027,-0.013
4.45,0.75818,-0.17583,0.10488,0.949,-0.314,-0.027,-0.013
4.5,0.75846,-0.17655,0.099851,0.949,-0.314,-0.027,-0.013
4.55,0.75875,-0.17727,0.094863,0.949,-0.314,-0.027,-0.013
4.6,0.75903,-0.17799,0.089899,0.949,-0.314,-0.027,-0.013
4.65,0.75932,-0.17871,0.084945,0.949,-0.314,-0.027,-0.013
4.7,0.7596,-0.1794,0.079989,0.949,-0.314,-0.027,-0.013
4.75,0.75988,-0.18006,0.075015,0.949,-0.314,-0.027,-0.013
4.8,0.76013,-0.18065,0.069995,0.949,-0.314,-0.027,-0.013
4.85,0.76033,-0.18109,0.064882,0.949,-0.314,-0.027,-0.013
4.9,0.76045,-0.18122,0.0596,0.949,-0.314,-0.027,-0.013
4.95,0.7604,-0.1808,0.054055,0.949,-0.314,-0.027,-0.013
5,0.76011,-0.1796,0.048231,0.949,-0.314,-0.027,-0.013
