0.05,0.49106,-0.40592,0.22724,0.949,-0.314,-0.027,-0.013
0.1,0.49878,-0.38824,0.2446,0.949,-0.314,-0.027,-0.013
0.15,0.50711,-0.37103,0.26034,0.949,-0.314,-0.027,-0.013
0.2,0.51614,-0.35454,0.2741,0.949,-0.314,-0.027,-0.013
0.25,0.52567,-0.33896,0.28598,0.949,-0.314,-0.027,-0.013
0.3,0.53543,-0.32449,0.29608,0.949,-0.314,-0.027,-0.013
0.35,0.54513,-0.31138,0.30448,0.949,-0.314,-0.027,-0.013
0.4,0.55446,-0.2998,0.31113,0.949,-0.314,-0.027,-0.013
0.45,0.56324,-0.28961,0.31598,0.949,-0.314,-0.027,-0.013
0.5,0.57153,-0.27986,0.31916,0.949,-0.314,-0.027,-0.013
0.55,0.57966,-0.26901,0.32114,0.949,-0.314,-0.027,-0.013
0.6,0.58791,-0.25613,0.32231,0.949,-0.314,-0.027,-0.013
0.65,0.59642,-0.24163,0.32273,0.949,-0.314,-0.027,-0.013
0.7,0.60526,-0.2266,0.32228,0.949,-0.314,-0.027,-0.013
0.75,0.6145,-0.21193,0.3209,0.949,-0.314,-0.027,-0.013
0.8,0.62415,-0.19801,0.31862,0.949,-0.314,-0.027,-0.013
0.85,0.6342,-0.18497,0.31546,0.949,-0.314,-0.027,-0.013
0.9,0.64455,-0.17288,0.31142,0.949,-0.314,-0.027,-0.013
0.95,0.65498,-0.16188,0.30639,0.949,-0.314,-0.027,-0.013
1,0.66522,-0.15217,0.30021,0.949,-0.314,-0.027,-0.013
1.05,0.67499,-0.14393,0.29279,0.949,-0.314,-0.027,-0.013
1.1,0.68404,-0.13728,0.28413,0.949,-0.314,-0.027,-0.013
1.15,0.69222,-0.13223,0.27443,0.949,-0.314,-0.027,-0.013
1.2,0.69949,-0.12863,0.26393,0.949,-0.314,-0.027,-0.013
1.25,0.70589,-0.12619,0.2529,0.949,-0.314,-0.027,-0.013
1.3,0.7116,-0.12459,0.24158,0.949,-0.314,-0.027,-0.013
1.35,0.71688,-0.12351,0.2302,0.949,-0.314,-0.027,-0.013
1.4,0.72194,-0.12275,0.21893,0.949,-0.314,-0.027,-0.013
1.45,0.72689,-0.12217,0.20786,0.949,-0.314,-0.027,-0.013
1.5,0.73172,-0.1217,0.19705,0.949,-0.314,-0.027,-0.013
1.55,0.73631,-0.1213,0.18659,0.949,-0.314,-0.027,-0.013
1.6,0.74049,-0.12093,0.17662,0.949,-0.314,-0.027,-0.013
1.65,0.74407,-0.12056,0.16732,0.949,-0.314,-0.027,-0.013
1.7,0.74687,-0.12017,0.15885,0.949,-0.314,-0.027,-0.013
1.75,0.74878,-0.11974,0.15128,0.949,-0.314,-0.027,-0.013
1.8,0.74983,-0.11931,0.14457,0.949,-0.314,-0.027,-0.013
1.85,0.75013,-0.11892,0.13856,0.949,-0.314,-0.027,-0.013
1.9,0.74989,-0.1186,0.13304,0.949,-0.314,-0.027,-0.013
1.95,0.74937,-0.11836,0.12788,0.949,-0.314,-0.027,-0.013
2,0.74874,-0.11817,0.12293,0.949,-0.314,-0.027,-0.013
2.05,0.74815,-0.11801,0.1181,0.949,-0.314,-0.027,-0.013
2.1,0.74765,-0.11786,0.11332,0.949,-0.314,-0.027,-0.013
2.15,0.74728,-0.11771,0.10856,0.949,-0.314,-0.027,-0.013
2.2,0.74702,-0.11757,0.10378,0.949,-0.314,-0.027,-0.013
2.25,0.74688,-0.11742,0.098952,0.949,-0.314,-0.027,-0.013
2.3,0.74682,-0.11727,0.094071,0.949,-0.314,-0.027,-0.013
2.35,0.74684,-0.1171,0.089113,0.949,-0.314,-0.027,-0.013
2.4,0.74692,-0.11691,0.084058,0.949,-0.314,-0.027,-0.013
2.45,0.74705,-0.11668,0.078877,0.949,-0.314,-0.027,-0.013
2.5,0.74721,-0.1164,0.073543,0.949,-0.314,-0.027,-0.013
2.55,0.74739,-0.11603,0.068039,0.949,-0.314,-0.027,-0.013
2.6,0.74759,-0.11556,0.062384,0.949,-0.314,-0.027,-0.013
2.65,0.7478,-0.11497,0.056672,0.949,-0.314,-0.027,-0.013
2.7,0.74802,-0.11427,0.051136,0.949,-0.314,-0.027,-0.013
2.75,0.74825,-0.11351,0.046218,0.949,-0.314,-0.027,-0.013
2.8,0.74848,-0.11282,0.042587,0.949,-0.314,-0.027,-0.013
2.85,0.74871,-0.11241,0.041011,0.949,-0.314,-0.027,-0.013
2.9,0.74897,-0.11248,0.041956,0.949,-0.314,-0.027,-0.013
2.95,0.74926,-0.11315,0.045272,0.949,-0.314,-0.027,-0.013
3,0.74958,-0.11437,0.050377,0.949,-0.314,-0.027,-0.013
3.05,0.74992,-0.11599,0.056631,0.949,-0.314,-0.027,-0.013
3.1,0.75027,-0.11788,0.063528,0.949,-0.314,-0.027,-0.013
3.15,0.75062,-0.11994,0.070737,0.949,-0.314,-0.027,-0.013
3.2,0.75096,-0.12208,0.078071,0.949,-0.314,-0.027,-0.013
3.25,0.7513,-0.12428,0.085443,0.949,-0.314,-0.027,-0.013
3.3,0.75163,-0.1265,0.09283,0.949,-0.314,-0.027,-0.013
3.35,0.75197,-0.12875,0.10024,0.949,-0.314,-0.027,-0.013
3.4,0.75229,-0.13105,0.10767,0.949,-0.314,-0.027,-0.013
3.45,0.75262,-0.13341,0.11512,0.949,-0.314,-0.027,-0.013
3.5,0.75294,-0.13588,0.12252,0.949,-0.314,-0.027,-0.013
3.55,0.75325,-0.13849,0.1298,0.949,-0.314,-0.027,-0.013
3.6,0.75355,-0.14127,0.13681,0.949,-0.314,-0.027,-0.013
3.65,0.75386,-0.14422,0.14345,0.949,-0.314,-0.027,-0.013
3.7,0.75415,-0.14735,0.14957,0.949,-0.314,-0.027,-0.013
3.75,0.75443,-0.15064,0.15491,0.949,-0.314,-0.027,-0.013
3.8,0.75469,-0.15402,0.15906,0.949,-0.314,-0.027,-0.013
3.85,0.75491,-0.15737,0.16145,0.949,-0.314,-0.027,-0.013
3.9,0.75512,-0.16052,0.16153,0.949,-0.314,-0.027,-0.013
3.95,0.75537,-0.16337,0.1592,0.949,-0.314,-0.027,-0.013
4,0.75566,-0.16583,0.15496,0.949,-0.314,-0.027,-0.013
4.05,0.75597,-0.16787,0.14953,0.949,-0.314,-0.027,-0.013
4.1,0.75628,-0.16951,0.14359,0.949,-0.314,-0.027,-0.013
4.15,0.75656,-0.17081,0.13755,0.949,-0.314,-0.027,-0.013
4.2,0.75683,-0.17188,0.13165,0.949,-0.314,-0.027,-0.013
4.25,0.7571,-0.17279,0.12595,0.949,-0.314,-0.027,-0.013
4.3,0.75736,-0.1736,0.12046,0.949,-0.314,-0.027,-0.013
4.35,0.75763,-0.17436,0.11515,0.949,-0.314,-0.027,-0.013
4.4,0.75791,-0.1751,0.10997,0.949,-0.314,-0.027,-0.013
4.45,0.75819,-0.17583,0.10488,0.949,-0.314,-0.027,-0.013
4.5,0.75848,-0.17655,0.099851,0.949,-0.314,-0.027,-0.013
4.55,0.75877,-0.17726,0.094864,0.949,-0.314,-0.027,-0.013
4.6,0.75908,-0.17797,0.0899,0.949,-0.314,-0.027,-0.013
4.65,0.75939,-0.17867,0.084946,0.949,-0.314,-0.027,-0.013
4.7,0.75973,-0.17934,0.079991,0.949,-0.314,-0.027,-0.013
4.75,0.7601,-0.17995,0.075019,0.949,-0.314,-0.027,-0.013
4.8,0.76052,-0.18043,0.070005,0.949,-0.314,-0.027,-0.013
4.85,0.76101,-0.18066,0.064917,0.949,-0.314,-0.027,-0.013
4.9,0.76161,-0.1804,0.059714,0.949,-0.314,-0.027,-0.013
4.95,0.76233,-0.17925,0.054379,0.949,-0.314,-0.027,-0.013
5,0.76316,-0.17684,0.048987,0.949,-0.314,-0.027,-0.013
