0.05,0.26262,0.39666,0.3937,0.746,-0.666,-0.012,0.004
0.1,0.26931,0.38251,0.38355,0.746,-0.666,-0.012,0.004
0.15,0.27603,0.36891,0.37399,0.746,-0.666,-0.012,0.004
0.2,0.28277,0.35598,0.3651,0.746,-0.666,-0.012,0.004
0.25,0.28952,0.34373,0.35687,0.746,-0.666,-0.012,0.004
0.3,0.29626,0.33215,0.34921,0.746,-0.666,-0.012,0.004
0.35,0.30296,0.32123,0.34208,0.746,-0.666,-0.012,0.004
0.4,0.3096,0.31098,0.33543,0.746,-0.666,-0.012,0.004
0.45,0.31614,0.3014,0.32923,0.746,-0.666,-0.012,0.004
0.5,0.32254,0.29251,0.32342,0.746,-0.666,-0.012,0.004
0.55,0.32873,0.28435,0.31799,0.746,-0.666,-0.012,0.004
0.6,0.33465,0.27701,0.31295,0.746,-0.666,-0.012,0.004
0.65,0.34015,0.27065,0.30832,0.746,-0.666,-0.012,0.004
0.7,0.34513,0.26542,0.30412,0.746,-0.666,-0.012,0.004
0.75,0.34949,0.26142,0.3003,0.746,-0.666,-0.012,0.004
0.8,0.35325,0.25864,0.29679,0.746,-0.666,-0.012,0.004
0.85,0.35656,0.25687,0.29341,0.746,-0.666,-0.012,0.004
0.9,0.35968,0.25575,0.29,0.746,-0.666,-0.012,0.004
0.95,0.3629,0.25485,0.28642,0.746,-0.666,-0.012,0.004
1,0.36639,0.25389,0.28265,0.746,-0.666,-0.012,0.004
1.05,0.3702,0.25275,0.27871,0.746,-0.666,-0.012,0.004
1.1,0.37428,0.25145,0.27467,0.746,-0.666,-0.012,0.004
1.15,0.37855,0.25007,0.27057,0.746,-0.666,-0.012,0.004
1.2,0.38296,0.24868,0.26644,0.746,-0.666,-0.012,0.004
1.25,0.38745,0.24732,0.26229,0.746,-0.666,-0.012,0.004
1.3,0.392,0.24604,0.25811,0.746,-0.666,-0.012,0.004
1.35,0.39659,0.24487,0.25388,0.746,-0.666,-0.012,0.004
1.4,0.40119,0.24382,0.2496,0.746,-0.666,-0.012,0.004
1.45,0.40581,0.24291,0.24524,0.746,-0.666,-0.012,0.004
1.5,0.41045,0.24215,0.24078,0.746,-0.666,-0.012,0.004
1.55,0.41509,0.24155,0.23619,0.746,-0.666,-0.012,0.004
1.6,0.41973,0.24111,0.23145,0.746,-0.666,-0.012,0.004
1.65,0.42439,0.24084,0.22653,0.746,-0.666,-0.012,0.004
1.7,0.42904,0.24075,0.22141,0.746,-0.666,-0.012,0.004
1.75,0.4337,0.24082,0.21608,0.746,-0.666,-0.012,0.004
1.8,0.43834,0.24103,0.21054,0.746,-0.666,-0.012,0.004
1.85,0.44296,0.24135,0.20482,0.746,-0.666,-0.012,0.004
1.9,0.44756,0.24167,0.19899,0.746,-0.666,-0.012,0.004
1.95,0.45219,0.24184,0.19318,0.746,-0.666,-0.012,0.004
2,0.45696,0.24168,0.1875,0.746,-0.666,-0.012,0.004
2.05,0.46198,0.24102,0.18202,0.746,-0.666,-0.012,0.004
2.1,0.46737,0.23982,0.17672,0.746,-0.666,-0.012,0.004
2.15,0.47315,0.23817,0.17146,0.746,-0.666,-0.012,0.004
2.2,0.4793,0.2362,0.16609,0.746,-0.666,-0.012,0.004
2.25,0.48576,0.23411,0.16045,0.746,-0.666,-0.012,0.004
2.3,0.49248,0.23203,0.15447,0.746,-0.666,-0.012,0.004
2.35,0.49942,0.23007,0.1481,0.746,-0.666,-0.012,0.004
2.4,0.50658,0.22824,0.14142,0.746,-0.666,-0.012,0.004
2.45,0.51401,0.2265,0.13456,0.746,-0.666,-0.012,0.004
2.5,0.52177,0.22472,0.12768,0.746,-0.666,-0.012,0.004
2.55,0.52988,0.22278,0.12092,0.746,-0.666,-0.012,0.004
2.6,0.53824,0.22065,0.11437,0.746,-0.666,-0.012,0.004
2.65,0.54663,0.2184,0.10805,0.746,-0.666,-0.012,0.004
2.7,0.55481,0.21615,0.10192,0.746,-0.666,-0.012,0.004
2.75,0.56261,0.21402,0.09594,0.746,-0.666,-0.012,0.004
2.8,0.56998,0.21207,0.090064,0.746,-0.666,-0.012,0.004
2.85,0.57699,0.21032,0.08426,0.746,-0.666,-0.012,0.004
2.9,0.58373,0.20876,0.078505,0.746,-0.666,-0.012,0.004
2.95,0.59032,0.20735,0.072784,0.746,-0.666,-0.012,0.004
3,0.59684,0.20607,0.067093,0.746,-0.666,-0.012,0.004
3.05,0.60338,0.2049,0.06144,0.746,-0.666,-0.012,0.004
3.1,0.60997,0.20383,0.055861,0.746,-0.666,-0.012,0.004
3.15,0.61668,0.20284,0.050441,0.746,-0.666,-0.012,0.004
3.2,0.6235,0.20192,0.04533,0.746,-0.666,-0.012,0.004
3.25,0.63039,0.20106,0.040764,0.746,-0.666,-0.012,0.004
3.3,0.63724,0.20027,0.037026,0.746,-0.666,-0.012,0.004
3.35,0.64387,0.19955,0.034312,0.746,-0.666,-0.012,0.004
3.4,0.65015,0.1989,0.032571,0.746,-0.666,-0.012,0.004
3.45,0.65608,0.19832,0.031543,0.746,-0.666,-0.012,0.004
3.5,0.66172,0.1978,0.030942,0.746,-0.666,-0.012,0.004
3.55,0.66715,0.19733,0.030558,0.746,-0.666,-0.012,0.004
3.6,0.67245,0.1969,0.030259,0.746,-0.666,-0.012,0.004
3.65,0.67768,0.19651,0.029978,0.746,-0.666,-0.012,0.004
3.7,0.68287,0.19614,0.029684,0.746,-0.666,-0.012,0.004
3.75,0.68807,0.1958,0.029369,0.746,-0.666,-0.012,0.004
3.8,0.69329,0.19548,0.029041,0.746,-0.666,-0.012,0.004
3.85,0.69856,0.19518,0.028718,0.746,-0.666,-0.012,0.004
3.9,0.70387,0.19492,0.028421,0.746,-0.666,-0.012,0.004
3.95,0.70919,0.19472,0.028183,0.746,-0.666,-0.012,0.004
4,0.71445,0.19459,0.028039,0.746,-0.666,-0.012,0.004
4.05,0.71947,0.19459,0.028028,0.746,-0.666,-0.012,0.004
4.1,0.72398,0.19475,0.028183,0.746,-0.666,-0.012,0.004
4.15,0.72769,0.19508,0.028522,0.746,-0.666,-0.012,0.004
4.2,0.73044,0.19547,0.029011,0.746,-0.666,-0.012,0.004
4.25,0.73235,0.19582,0.029556,0.746,-0.666,-0.012,0.004
4.3,0.73373,0.19609,0.030065,0.746,-0.666,-0.012,0.004
4.35,0.73484,0.19628,0.030496,0.746,-0.666,-0.012,0.004
4.4,0.73588,0.19639,0.030844,0.746,-0.666,-0.012,0.004
4.45,0.73693,0.19646,0.031123,0.746,-0.666,-0.012,0.004
4.5,0.73802,0.19649,0.031351,0.746,-0.666,-0.012,0.004
4.55,0.73914,0.19652,0.031543,0.746,-0.666,-0.012,0.004
4.6,0.74029,0.19656,0.031711,0.746,-0.666,-0.012,0.004
4.65,0.74145,0.19663,0.031861,0.746,-0.666,-0.012,0.004
4.7,0.74262,0.19678,0.031997,0.746,-0.666,-0.012,0.004
4.75,0.74378,0.19704,0.032111,0.746,-0.666,-0.012,0.004
4.8,0.74485,0.1975,0.032179,0.746,-0.666,-0.012,0.004
4.85,0.74574,0.19826,0.032146,0.746,-0.666,-0.012,0.004
4.9,0.74621,0.19947,0.031913,0.746,-0.666,-0.012,0.004
4.95,0.74582,0.20128,0.031332,0.746,-0.666,-0.012,0.004
5,0.74416,0.20377,0.030312,0.746,-0.666,-0.012,0.004
