0.05,0.12539,0.12049,0.28644,0.746,-0.666,-0.012,0.004
0.1,0.14098,0.12653,0.28762,0.746,-0.666,-0.012,0.004
0.15,0.15618,0.1322,0.28849,0.746,-0.666,-0.012,0.004
0.2,0.1709,0.13739,0.28902,0.746,-0.666,-0.012,0.004
0.25,0.18514,0.14211,0.28923,0.746,-0.666,-0.012,0.004
0.3,0.19889,0.14637,0.28917,0.746,-0.666,-0.012,0.004
0.35,0.21214,0.15021,0.28886,0.746,-0.666,-0.012,0.004
0.4,0.22487,0.15367,0.28834,0.746,-0.666,-0.012,0.004
0.45,0.23705,0.15679,0.28762,0.746,-0.666,-0.012,0.004
0.5,0.24863,0.1596,0.28673,0.746,-0.666,-0.012,0.004
0.55,0.25958,0.16215,0.28569,0.746,-0.666,-0.012,0.004
0.6,0.26977,0.16446,0.28451,0.746,-0.666,-0.012,0.004
0.65,0.27903,0.16656,0.2832,0.746,-0.666,-0.012,0.004
0.7,0.28722,0.1685,0.28173,0.746,-0.666,-0.012,0.004
0.75,0.29429,0.17039,0.2801,0.746,-0.666,-0.012,0.004
0.8,0.30035,0.17234,0.27824,0.746,-0.666,-0.012,0.004
0.85,0.30574,0.17448,0.2761,0.746,-0.666,-0.012,0.004
0.9,0.31099,0.1769,0.27367,0.746,-0.666,-0.012,0.004
0.95,0.31656,0.17958,0.27096,0.746,-0.666,-0.012,0.004
1,0.32268,0.18244,0.26806,0.746,-0.666,-0.012,0.004
1.05,0.32931,0.18536,0.26502,0.746,-0.666,-0.012,0.004
1.1,0.33631,0.18825,0.26189,0.746,-0.666,-0.012,0.004
1.15,0.3435,0.19107,0.25869,0.746,-0.666,-0.012,0.004
1.2,0.35076,0.19377,0.25543,0.746,-0.666,-0.012,0.004
1.25,0.35798,0.19636,0.25211,0.746,-0.666,-0.012,0.004
1.3,0.36512,0.19883,0.24872,0.746,-0.666,-0.012,0.004
1.35,0.37214,0.20121,0.24524,0.746,-0.666,-0.012,0.004
1.4,0.37903,0.20351,0.24165,0.746,-0.666,-0.012,0.004
1.45,0.38579,0.20574,0.23794,0.746,-0.666,-0.012,0.004
1.5,0.39241,0.20792,0.23408,0.746,-0.666,-0.012,0.004
1.55,0.3989,0.21005,0.23005,0.746,-0.666,-0.012,0.004
1.6,0.40525,0.21214,0.22582,0.746,-0.666,-0.012,0.004
1.65,0.41146,0.21421,0.22137,0.746,-0.666,-0.012,0.004
1.7,0.41752,0.21623,0.21668,0.746,-0.666,-0.012,0.004
1.75,0.42343,0.2182,0.21173,0.746,-0.666,-0.012,0.004
1.8,0.42916,0.22007,0.20653,0.746,-0.666,-0.012,0.004
1.85,0.4347,0.22179,0.20112,0.746,-0.666,-0.012,0.004
1.9,0.44004,0.22328,0.19556,0.746,-0.666,-0.012,0.004
1.95,0.44526,0.22443,0.18998,0.746,-0.666,-0.012,0.004
2,0.45051,0.22512,0.18453,0.746,-0.666,-0.012,0.004
2.05,0.45597,0.22531,0.1793,0.746,-0.666,-0.012,0.004
2.1,0.46179,0.22503,0.17426,0.746,-0.666,-0.012,0.004
2.15,0.46801,0.22439,0.16929,0.746,-0.666,-0.012,0.004
2.2,0.47462,0.22351,0.1642,0.746,-0.666,-0.012,0.004
2.25,0.48154,0.22254,0.15884,0.746,-0.666,-0.012,0.004
2.3,0.48872,0.22158,0.15309,0.746,-0.666,-0.012,0.004
2.35,0.49611,0.2207,0.14694,0.746,-0.666,-0.012,0.004
2.4,0.5037,0.21989,0.14043,0.746,-0.666,-0.012,0.004
2.45,0.51155,0.21911,0.13371,0.746,-0.666,-0.012,0.004
2.5,0.51973,0.21824,0.12695,0.746,-0.666,-0.012,0.004
2.55,0.52824,0.2172,0.12029,0.746,-0.666,-0.012,0.004
2.6,0.53697,0.21593,0.11383,0.746,-0.666,-0.012,0.004
2.65,0.54567,0.21449,0.10759,0.746,-0.666,-0.012,0.004
2.7,0.5541,0.21296,0.10153,0.746,-0.666,-0.012,0.004
2.75,0.56207,0.21145,0.095616,0.746,-0.666,-0.012,0.004
2.8,0.56958,0.21002,0.089796,0.746,-0.666,-0.012,0.004
2.85,0.57668,0.20869,0.08404,0.746,-0.666,-0.012,0.004
2.9,0.58349,0.20747,0.078326,0.746,-0.666,-0.012,0.004
2.95,0.59013,0.20633,0.072641,0.746,-0.666,-0.012,0.004
3,0.59669,0.20528,0.066979,0.746,-0.666,-0.012,0.004
3.05,0.60326,0.20429,0.06135,0.746,-0.666,-0.012,0.004
3.1,0.60988,0.20337,0.055792,0.746,-0.666,-0.012,0.004
3.15,0.61661,0.20249,0.050388,0.746,-0.666,-0.012,0.004
3.2,0.62345,0.20167,0.04529,0.746,-0.666,-0.012,0.004
3.25,0.63036,0.20089,0.040734,0.746,-0.666,-0.012,0.004
3.3,0.63721,0.20016,0.037003,0.746,-0.666,-0.012,0.004
3.35,0.64385,0.19948,0.034294,0.746,-0.666,-0.012,0.004
3.4,0.65014,0.19886,0.032557,0.746,-0.666,-0.012,0.004
3.45,0.65607,0.19829,0.031532,0.746,-0.666,-0.012,0.004
3.5,0.66172,0.19778,0.030935,0.746,-0.666,-0.012,0.004
3.55,0.66715,0.19732,0.030552,0.746,-0.666,-0.012,0.004
3.6,0.67245,0.19689,0.030256,0.746,-0.666,-0.012,0.004
3.65,0.67767,0.1965,0.029976,0.746,-0.666,-0.012,0.004
3.7,0.68287,0.19614,0.029682,0.746,-0.666,-0.012,0.004
3.75,0.68807,0.19579,0.029368,0.746,-0.666,-0.012,0.004
3.8,0.69329,0.19547,0.029041,0.746,-0.666,-0.012,0.004
3.85,0.69856,0.19518,0.028717,0.746,-0.666,-0.012,0.004
3.9,0.70387,0.19492,0.028421,0.746,-0.666,-0.012,0.004
3.95,0.70919,0.19472,0.028183,0.746,-0.666,-0.012,0.004
4,0.71445,0.19459,0.028039,0.746,-0.666,-0.012,0.004
4.05,0.71947,0.19459,0.028028,0.746,-0.666,-0.012,0.004
4.1,0.72398,0.19475,0.028183,0.746,-0.666,-0.012,0.004
4.15,0.72769,0.19508,0.028522,0.746,-0.666,-0.012,0.004
4.2,0.73044,0.19547,0.029012,0.746,-0.666,-0.012,0.004
4.25,0.73235,0.19583,0.029557,0.746,-0.666,-0.012,0.004
4.3,0.73372,0.1961,0.030068,0.746,-0.666,-0.012,0.004
4.35,0.73484,0.1963,0.0305,0.746,-0.666,-0.012,0.004
4.4,0.73588,0.19642,0.03085,0.746,-0.666,-0.012,0.004
4.45,0.73693,0.1965,0.031132,0.746,-0.666,-0.012,0.004
4.5,0.73802,0.19656,0.031365,0.746,-0.666,-0.012,0.004
4.55,0.73914,0.19663,0.031565,0.746,-0.666,-0.012,0.004
4.6,0.74029,0.19672,0.031746,0.746,-0.666,-0.012,0.004
4.65,0.74145,0.19687,0.031917,0.746,-0.666,-0.012,0.004
4.7,0.74262,0.19714,0.032087,0.746,-0.666,-0.012,0.004
4.75,0.74377,0.19758,0.032263,0.746,-0.666,-0.012,0.004
4.8,0.74485,0.1983,0.03244,0.746,-0.666,-0.012,0.004
4.85,0.74573,0.19944,0.032608,0.746,-0.666,-0.012,0.004
4.9,0.74615,0.20119,0.032747,0.746,-0.666,-0.012,0.004
4.95,0.74563,0.20377,0.032833,0.746,-0.666,-0.012,0.004
5,0.74372,0.20723,0.032864,0.746,-0.666,-0.012,0.004
