0.05,0.56666,-0.06039,0.47246,0.746,-0.666,-0.012,0.004
0.1,0.56285,-0.047879,0.45475,0.746,-0.666,-0.012,0.004
0.15,0.55899,-0.035685,0.43822,0.746,-0.666,-0.012,0.004
0.2,0.55508,-0.023912,0.42303,0.746,-0.666,-0.012,0.004
0.25,0.55114,-0.012572,0.40911,0.746,-0.666,-0.012,0.004
0.3,0.54721,-0.0016539,0.39632,0.746,-0.666,-0.012,0.004
0.35,0.54331,0.0088497,0.38455,0.746,-0.666,-0.012,0.004
0.4,0.53948,0.01894,0.37371,0.746,-0.666,-0.012,0.004
0.45,0.53576,0.028615,0.3637,0.746,-0.666,-0.012,0.004
0.5,0.53217,0.037868,0.35444,0.746,-0.666,-0.012,0.004
0.55,0.52876,0.046678,0.34589,0.746,-0.666,-0.012,0.004
0.6,0.5256,0.054964,0.33807,0.746,-0.666,-0.012,0.004
0.65,0.52278,0.0626,0.33102,0.746,-0.666,-0.012,0.004
0.7,0.52038,0.069469,0.32477,0.746,-0.666,-0.012,0.004
0.75,0.5185,0.075504,0.31931,0.746,-0.666,-0.012,0.004
0.8,0.51716,0.080732,0.31454,0.746,-0.666,-0.012,0.004
0.85,0.51631,0.085317,0.31026,0.746,-0.666,-0.012,0.004
0.9,0.5158,0.08955,0.3062,0.746,-0.666,-0.012,0.004
0.95,0.51543,0.09373,0.30212,0.746,-0.666,-0.012,0.004
1,0.51505,0.09804,0.29789,0.746,-0.666,-0.012,0.004
1.05,0.5146,0.10252,0.29352,0.746,-0.666,-0.012,0.004
1.1,0.51407,0.10711,0.28904,0.746,-0.666,-0.012,0.004
1.15,0.51351,0.11175,0.28452,0.746,-0.666,-0.012,0.004
1.2,0.51294,0.1164,0.27999,0.746,-0.666,-0.012,0.004
1.25,0.51238,0.121,0.27545,0.746,-0.666,-0.012,0.004
1.3,0.51186,0.12555,0.27092,0.746,-0.666,-0.012,0.004
1.35,0.51138,0.13005,0.26639,0.746,-0.666,-0.012,0.004
1.4,0.51096,0.13448,0.26183,0.746,-0.666,-0.012,0.004
1.45,0.5106,0.13887,0.25723,0.746,-0.666,-0.012,0.004
1.5,0.51032,0.14319,0.25257,0.746,-0.666,-0.012,0.004
1.55,0.51012,0.14747,0.24783,0.746,-0.666,-0.012,0.004
1.6,0.51003,0.15169,0.24298,0.746,-0.666,-0.012,0.004
1.65,0.51006,0.15584,0.238,0.746,-0.666,-0.012,0.004
1.7,0.51026,0.1599,0.23286,0.746,-0.666,-0.012,0.004
1.75,0.51066,0.16382,0.22754,0.746,-0.666,-0.012,0.004
1.8,0.51134,0.16753,0.22204,0.746,-0.666,-0.012,0.004
1.85,0.51235,0.17097,0.21637,0.746,-0.666,-0.012,0.004
1.9,0.51373,0.17404,0.21055,0.746,-0.666,-0.012,0.004
1.95,0.51544,0.17674,0.20461,0.746,-0.666,-0.012,0.004
2,0.51736,0.17914,0.19859,0.746,-0.666,-0.012,0.004
2.05,0.51931,0.18139,0.1925,0.746,-0.666,-0.012,0.004
2.1,0.52118,0.18364,0.18628,0.746,-0.666,-0.012,0.004
2.15,0.52295,0.18598,0.17989,0.746,-0.666,-0.012,0.004
2.2,0.52468,0.18843,0.17324,0.746,-0.666,-0.012,0.004
2.25,0.52652,0.19093,0.16631,0.746,-0.666,-0.012,0.004
2.3,0.52861,0.19342,0.15909,0.746,-0.666,-0.012,0.004
2.35,0.53109,0.19579,0.15163,0.746,-0.666,-0.012,0.004
2.4,0.53406,0.19795,0.14404,0.746,-0.666,-0.012,0.004
2.45,0.53754,0.19985,0.13646,0.746,-0.666,-0.012,0.004
2.5,0.54147,0.20145,0.12901,0.746,-0.666,-0.012,0.004
2.55,0.54575,0.20278,0.12178,0.746,-0.666,-0.012,0.004
2.6,0.55031,0.20385,0.11484,0.746,-0.666,-0.012,0.004
2.65,0.55515,0.20464,0.10819,0.746,-0.666,-0.012,0.004
2.7,0.56031,0.20514,0.1018,0.746,-0.666,-0.012,0.004
2.75,0.56581,0.20535,0.095654,0.746,-0.666,-0.012,0.004
2.8,0.5716,0.20531,0.089687,0.746,-0.666,-0.012,0.004
2.85,0.57765,0.20507,0.083855,0.746,-0.666,-0.012,0.004
2.9,0.58386,0.20469,0.078116,0.746,-0.666,-0.012,0.004
2.95,0.59019,0.20419,0.072436,0.746,-0.666,-0.012,0.004
3,0.59661,0.20364,0.066795,0.746,-0.666,-0.012,0.004
3.05,0.60313,0.20304,0.061195,0.746,-0.666,-0.012,0.004
3.1,0.60975,0.20242,0.055665,0.746,-0.666,-0.012,0.004
3.15,0.6165,0.20179,0.050288,0.746,-0.666,-0.012,0.004
3.2,0.62336,0.20116,0.045213,0.746,-0.666,-0.012,0.004
3.25,0.63029,0.20054,0.040676,0.746,-0.666,-0.012,0.004
3.3,0.63716,0.19992,0.036958,0.746,-0.666,-0.012,0.004
3.35,0.64381,0.19933,0.034258,0.746,-0.666,-0.012,0.004
3.4,0.65011,0.19876,0.032529,0.746,-0.666,-0.012,0.004
3.45,0.65605,0.19823,0.031511,0.746,-0.666,-0.012,0.004
3.5,0.6617,0.19774,0.030919,0.746,-0.666,-0.012,0.004
3.55,0.66714,0.19729,0.030541,0.746,-0.666,-0.012,0.004
3.6,0.67244,0.19688,0.030248,0.746,-0.666,-0.012,0.004
3.65,0.67767,0.19649,0.02997,0.746,-0.666,-0.012,0.004
3.7,0.68287,0.19613,0.029678,0.746,-0.666,-0.012,0.004
3.75,0.68806,0.19579,0.029365,0.746,-0.666,-0.012,0.004
3.8,0.69329,0.19547,0.029039,0.746,-0.666,-0.012,0.004
3.85,0.69856,0.19518,0.028715,0.746,-0.666,-0.012,0.004
3.9,0.70387,0.19492,0.028419,0.746,-0.666,-0.012,0.004
3.95,0.70919,0.19472,0.028181,0.746,-0.666,-0.012,0.004
4,0.71445,0.19459,0.028037,0.746,-0.666,-0.012,0.004
4.05,0.71947,0.19458,0.028025,0.746,-0.666,-0.012,0.004
4.1,0.72398,0.19474,0.02818,0.746,-0.666,-0.012,0.004
4.15,0.72769,0.19506,0.028517,0.746,-0.666,-0.012,0.004
4.2,0.73044,0.19544,0.029005,0.746,-0.666,-0.012,0.004
4.25,0.73235,0.19577,0.029546,0.746,-0.666,-0.012,0.004
4.3,0.73373,0.19601,0.030049,0.746,-0.666,-0.012,0.004
4.35,0.73484,0.19614,0.030471,0.746,-0.666,-0.012,0.004
4.4,0.73588,0.19617,0.030805,0.746,-0.666,-0.012,0.004
4.45,0.73694,0.19612,0.031063,0.746,-0.666,-0.012,0.004
4.5,0.73803,0.19597,0.031261,0.746,-0.666,-0.012,0.004
4.55,0.73916,0.19572,0.03141,0.746,-0.666,-0.012,0.004
4.6,0.74032,0.19536,0.031518,0.746,-0.666,-0.012,0.004
4.65,0.74151,0.19484,0.031588,0.746,-0.666,-0.012,0.004
4.7,0.74272,0.19409,0.031621,0.746,-0.666,-0.012,0.004
4.75,0.74395,0.19302,0.031615,0.746,-0.666,-0.012,0.004
4.8,0.74519,0.19147,0.031571,0.746,-0.666,-0.012,0.004
4.85,0.74641,0.1892,0.031507,0.746,-0.666,-0.012,0.004
4.9,0.74755,0.18586,0.031478,0.746,-0.666,-0.012,0.004
4.95,0.74847,0.18107,0.0316,0.746,-0.666,-0.012,0.004
5,0.74901,0.17468,0.031999,0.746,-0.666,-0.012,0.004
