0.05,0.84026,-0.18407,0.34264,0.746,-0.666,-0.012,0.004
0.1,0.8227,-0.16734,0.34173,0.746,-0.666,-0.012,0.004
0.15,0.80554,-0.15082,0.34042,0.746,-0.666,-0.012,0.004
0.2,0.78889,-0.13462,0.33869,0.746,-0.666,-0.012,0.004
0.25,0.77277,-0.11876,0.33656,0.746,-0.666,-0.012,0.004
0.3,0.75719,-0.10325,0.33408,0.746,-0.666,-0.012,0.004
0.35,0.74218,-0.088115,0.3313,0.746,-0.666,-0.012,0.004
0.4,0.72778,-0.073389,0.32826,0.746,-0.666,-0.012,0.004
0.45,0.71401,-0.059113,0.325,0.746,-0.666,-0.012,0.004
0.5,0.70095,-0.045337,0.32157,0.746,-0.666,-0.012,0.004
0.55,0.68867,-0.032133,0.31801,0.746,-0.666,-0.012,0.004
0.6,0.67733,-0.019655,0.31439,0.746,-0.666,-0.012,0.004
0.65,0.66714,-0.0081365,0.31077,0.746,-0.666,-0.012,0.004
0.7,0.65832,0.002181,0.30724,0.746,-0.666,-0.012,0.004
0.75,0.651,0.011119,0.30389,0.746,-0.666,-0.012,0.004
0.8,0.64513,0.018645,0.30075,0.746,-0.666,-0.012,0.004
0.85,0.64038,0.02496,0.29784,0.746,-0.666,-0.012,0.004
0.9,0.6362,0.03051,0.29506,0.746,-0.666,-0.012,0.004
0.95,0.632,0.035817,0.29232,0.746,-0.666,-0.012,0.004
1,0.62745,0.04125,0.2895,0.746,-0.666,-0.012,0.004
1.05,0.62248,0.046941,0.28655,0.746,-0.666,-0.012,0.004
1.1,0.61722,0.052863,0.28347,0.746,-0.666,-0.012,0.004
1.15,0.61182,0.058934,0.28026,0.746,-0.666,-0.012,0.004
1.2,0.60642,0.065074,0.27692,0.746,-0.666,-0.012,0.004
1.25,0.60111,0.071227,0.27347,0.746,-0.666,-0.012,0.004
1.3,0.59596,0.077359,0.26991,0.746,-0.666,-0.012,0.004
1.35,0.59099,0.08345,0.26623,0.746,-0.666,-0.012,0.004
1.4,0.58622,0.089491,0.26244,0.746,-0.666,-0.012,0.004
1.45,0.58166,0.095474,0.25853,0.746,-0.666,-0.012,0.004
1.5,0.57732,0.10139,0.25448,0.746,-0.666,-0.012,0.004
1.55,0.57321,0.10724,0.25029,0.746,-0.666,-0.012,0.004
1.6,0.56937,0.113,0.24593,0.746,-0.666,-0.012,0.004
1.65,0.56582,0.11866,0.2414,0.746,-0.666,-0.012,0.004
1.7,0.56263,0.12417,0.23666,0.746,-0.666,-0.012,0.004
1.75,0.55986,0.12947,0.23171,0.746,-0.666,-0.012,0.004
1.8,0.55763,0.13447,0.22654,0.746,-0.666,-0.012,0.004
1.85,0.55605,0.13909,0.22113,0.746,-0.666,-0.012,0.004
1.9,0.55516,0.14324,0.21551,0.746,-0.666,-0.012,0.004
1.95,0.55487,0.14697,0.20966,0.746,-0.666,-0.012,0.004
2,0.55491,0.15047,0.20359,0.746,-0.666,-0.012,0.004
2.05,0.55489,0.15401,0.19729,0.746,-0.666,-0.012,0.004
2.1,0.55454,0.15781,0.19072,0.746,-0.666,-0.012,0.004
2.15,0.5538,0.16198,0.18385,0.746,-0.666,-0.012,0.004
2.2,0.5528,0.16646,0.17666,0.746,-0.666,-0.012,0.004
2.25,0.55177,0.17109,0.16916,0.746,-0.666,-0.012,0.004
2.3,0.551,0.17569,0.16139,0.746,-0.666,-0.012,0.004
2.35,0.55073,0.18006,0.15344,0.746,-0.666,-0.012,0.004
2.4,0.5511,0.18406,0.14544,0.746,-0.666,-0.012,0.004
2.45,0.55213,0.18763,0.13752,0.746,-0.666,-0.012,0.004
2.5,0.55367,0.19079,0.12981,0.746,-0.666,-0.012,0.004
2.55,0.55558,0.19362,0.12236,0.746,-0.666,-0.012,0.004
2.6,0.5578,0.19616,0.11522,0.746,-0.666,-0.012,0.004
2.65,0.56046,0.19836,0.10839,0.746,-0.666,-0.012,0.004
2.7,0.56378,0.20013,0.10185,0.746,-0.666,-0.012,0.004
2.75,0.56787,0.20143,0.095596,0.746,-0.666,-0.012,0.004
2.8,0.57271,0.20228,0.089565,0.746,-0.666,-0.012,0.004
2.85,0.57815,0.20273,0.083704,0.746,-0.666,-0.012,0.004
2.9,0.58403,0.20288,0.077961,0.746,-0.666,-0.012,0.004
2.95,0.59019,0.2028,0.072292,0.746,-0.666,-0.012,0.004
3,0.59654,0.20257,0.06667,0.746,-0.666,-0.012,0.004
3.05,0.60304,0.20222,0.06109,0.746,-0.666,-0.012,0.004
3.1,0.60966,0.2018,0.055581,0.746,-0.666,-0.012,0.004
3.15,0.61642,0.20133,0.050221,0.746,-0.666,-0.012,0.004
3.2,0.6233,0.20083,0.045162,0.746,-0.666,-0.012,0.004
3.25,0.63024,0.20031,0.040637,0.746,-0.666,-0.012,0.004
3.3,0.63713,0.19977,0.036928,0.746,-0.666,-0.012,0.004
3.35,0.64378,0.19923,0.034235,0.746,-0.666,-0.012,0.004
3.4,0.65009,0.1987,0.032511,0.746,-0.666,-0.012,0.004
3.45,0.65604,0.19819,0.031497,0.746,-0.666,-0.012,0.004
3.5,0.66169,0.19772,0.030909,0.746,-0.666,-0.012,0.004
3.55,0.66713,0.19727,0.030534,0.746,-0.666,-0.012,0.004
3.6,0.67244,0.19687,0.030243,0.746,-0.666,-0.012,0.004
3.65,0.67767,0.19648,0.029967,0.746,-0.666,-0.012,0.004
3.7,0.68286,0.19612,0.029676,0.746,-0.666,-0.012,0.004
3.75,0.68806,0.19579,0.029364,0.746,-0.666,-0.012,0.004
3.8,0.69329,0.19547,0.029038,0.746,-0.666,-0.012,0.004
3.85,0.69856,0.19518,0.028715,0.746,-0.666,-0.012,0.004
3.9,0.70387,0.19492,0.028419,0.746,-0.666,-0.012,0.004
3.95,0.70919,0.19472,0.028182,0.746,-0.666,-0.012,0.004
4,0.71445,0.19459,0.028038,0.746,-0.666,-0.012,0.004
4.05,0.71947,0.19459,0.028027,0.746,-0.666,-0.012,0.004
4.1,0.72398,0.19475,0.028183,0.746,-0.666,-0.012,0.004
4.15,0.72769,0.19507,0.028521,0.746,-0.666,-0.012,0.004
4.2,0.73044,0.19547,0.029011,0.746,-0.666,-0.012,0.004
4.25,0.73235,0.19582,0.029555,0.746,-0.666,-0.012,0.004
4.3,0.73373,0.19609,0.030064,0.746,-0.666,-0.012,0.004
4.35,0.73484,0.19626,0.030495,0.746,-0.666,-0.012,0.004
4.4,0.73588,0.19637,0.030842,0.746,-0.666,-0.012,0.004
4.45,0.73693,0.19643,0.031121,0.746,-0.666,-0.012,0.004
4.5,0.73802,0.19644,0.031351,0.746,-0.666,-0.012,0.004
4.55,0.73915,0.19645,0.031551,0.746,-0.666,-0.012,0.004
4.6,0.74031,0.19644,0.031736,0.746,-0.666,-0.012,0.004
4.65,0.74149,0.19645,0.031927,0.746,-0.666,-0.012,0.004
4.7,0.7427,0.1965,0.032155,0.746,-0.666,-0.012,0.004
4.75,0.74394,0.19661,0.032471,0.746,-0.666,-0.012,0.004
4.8,0.74521,0.19681,0.032973,0.746,-0.666,-0.012,0.004
4.85,0.74651,0.19714,0.033852,0.746,-0.666,-0.012,0.004
4.9,0.74782,0.19762,0.035464,0.746,-0.666,-0.012,0.004
4.95,0.74908,0.19825,0.038367,0.746,-0.666,-0.012,0.004
5,0.75015,0.19898,0.042968,0.746,-0.666,-0.012,0.004
