0.05,0.37827,0.10125,0.2016,0.746,-0.666,-0.012,0.004
0.1,0.38048,0.1049,0.21429,0.746,-0.666,-0.012,0.004
0.15,0.3828,0.10851,0.22557,0.746,-0.666,-0.012,0.004
0.2,0.38523,0.11206,0.23525,0.746,-0.666,-0.012,0.004
0.25,0.38777,0.11553,0.24345,0.746,-0.666,-0.012,0.004
0.3,0.39039,0.11892,0.25032,0.746,-0.666,-0.012,0.004
0.35,0.39306,0.12224,0.256,0.746,-0.666,-0.012,0.004
0.4,0.39578,0.12548,0.26064,0.746,-0.666,-0.012,0.004
0.45,0.3985,0.12863,0.26434,0.746,-0.666,-0.012,0.004
0.5,0.4012,0.13169,0.26723,0.746,-0.666,-0.012,0.004
0.55,0.40386,0.13468,0.26939,0.746,-0.666,-0.012,0.004
0.6,0.40644,0.13756,0.27087,0.746,-0.666,-0.012,0.004
0.65,0.40889,0.14033,0.27169,0.746,-0.666,-0.012,0.004
0.7,0.41115,0.14296,0.2719,0.746,-0.666,-0.012,0.004
0.75,0.4132,0.14547,0.27154,0.746,-0.666,-0.012,0.004
0.8,0.41507,0.1479,0.27068,0.746,-0.666,-0.012,0.004
0.85,0.41683,0.1503,0.26941,0.746,-0.666,-0.012,0.004
0.9,0.4186,0.15276,0.26783,0.746,-0.666,-0.012,0.004
0.95,0.4205,0.15532,0.26605,0.746,-0.666,-0.012,0.004
1,0.4226,0.15798,0.26412,0.746,-0.666,-0.012,0.004
1.05,0.42489,0.16072,0.26207,0.746,-0.666,-0.012,0.004
1.1,0.42735,0.16348,0.2599,0.746,-0.666,-0.012,0.004
1.15,0.42993,0.16624,0.25759,0.746,-0.666,-0.012,0.004
1.2,0.43261,0.16897,0.25514,0.746,-0.666,-0.012,0.004
1.25,0.43535,0.17167,0.25253,0.746,-0.666,-0.012,0.004
1.3,0.43814,0.17434,0.24976,0.746,-0.666,-0.012,0.004
1.35,0.44096,0.17698,0.24683,0.746,-0.666,-0.012,0.004
1.4,0.44382,0.1796,0.24372,0.746,-0.666,-0.012,0.004
1.45,0.44669,0.18221,0.24043,0.746,-0.666,-0.012,0.004
1.5,0.44959,0.18481,0.23694,0.746,-0.666,-0.012,0.004
1.55,0.45251,0.18741,0.23323,0.746,-0.666,-0.012,0.004
1.6,0.45546,0.19001,0.22929,0.746,-0.666,-0.012,0.004
1.65,0.45844,0.1926,0.2251,0.746,-0.666,-0.012,0.004
1.7,0.46147,0.19517,0.22065,0.746,-0.666,-0.012,0.004
1.75,0.46455,0.19769,0.21591,0.746,-0.666,-0.012,0.004
1.8,0.46772,0.20011,0.2109,0.746,-0.666,-0.012,0.004
1.85,0.47098,0.20237,0.20563,0.746,-0.666,-0.012,0.004
1.9,0.47435,0.20438,0.20017,0.746,-0.666,-0.012,0.004
1.95,0.47785,0.20606,0.19461,0.746,-0.666,-0.012,0.004
2,0.4815,0.20737,0.18908,0.746,-0.666,-0.012,0.004
2.05,0.4853,0.20832,0.18363,0.746,-0.666,-0.012,0.004
2.1,0.48927,0.209,0.17826,0.746,-0.666,-0.012,0.004
2.15,0.49342,0.2095,0.17285,0.746,-0.666,-0.012,0.004
2.2,0.49777,0.2099,0.16728,0.746,-0.666,-0.012,0.004
2.25,0.50235,0.21028,0.16142,0.746,-0.666,-0.012,0.004
2.3,0.50718,0.21065,0.1552,0.746,-0.666,-0.012,0.004
2.35,0.5123,0.21103,0.14862,0.746,-0.666,-0.012,0.004
2.4,0.51775,0.21137,0.14176,0.746,-0.666,-0.012,0.004
2.45,0.52357,0.21163,0.13475,0.746,-0.666,-0.012,0.004
2.5,0.52978,0.21172,0.12776,0.746,-0.666,-0.012,0.004
2.55,0.53633,0.2116,0.1209,0.746,-0.666,-0.012,0.004
2.6,0.54314,0.21124,0.11426,0.746,-0.666,-0.012,0.004
2.65,0.55007,0.21067,0.10786,0.746,-0.666,-0.012,0.004
2.7,0.55699,0.20994,0.10167,0.746,-0.666,-0.012,0.004
2.75,0.56383,0.2091,0.095658,0.746,-0.666,-0.012,0.004
2.8,0.57055,0.20822,0.089774,0.746,-0.666,-0.012,0.004
2.85,0.57716,0.20732,0.083982,0.746,-0.666,-0.012,0.004
2.9,0.58369,0.20641,0.078254,0.746,-0.666,-0.012,0.004
2.95,0.59019,0.20553,0.072568,0.746,-0.666,-0.012,0.004
3,0.59668,0.20466,0.066912,0.746,-0.666,-0.012,0.004
3.05,0.60322,0.20382,0.061293,0.746,-0.666,-0.012,0.004
3.1,0.60984,0.20301,0.055745,0.746,-0.666,-0.012,0.004
3.15,0.61657,0.20223,0.05035,0.746,-0.666,-0.012,0.004
3.2,0.62342,0.20148,0.045262,0.746,-0.666,-0.012,0.004
3.25,0.63033,0.20076,0.040713,0.746,-0.666,-0.012,0.004
3.3,0.63719,0.20007,0.036986,0.746,-0.666,-0.012,0.004
3.35,0.64383,0.19942,0.034281,0.746,-0.666,-0.012,0.004
3.4,0.65013,0.19882,0.032546,0.746,-0.666,-0.012,0.004
3.45,0.65607,0.19827,0.031524,0.746,-0.666,-0.012,0.004
3.5,0.66171,0.19776,0.030929,0.746,-0.666,-0.012,0.004
3.55,0.66715,0.19731,0.030548,0.746,-0.666,-0.012,0.004
3.6,0.67245,0.19689,0.030253,0.746,-0.666,-0.012,0.004
3.65,0.67767,0.1965,0.029974,0.746,-0.666,-0.012,0.004
3.7,0.68287,0.19613,0.02968,0.746,-0.666,-0.012,0.004
3.75,0.68806,0.19579,0.029367,0.746,-0.666,-0.012,0.004
3.8,0.69329,0.19547,0.02904,0.746,-0.666,-0.012,0.004
3.85,0.69856,0.19518,0.028716,0.746,-0.666,-0.012,0.004
3.9,0.70387,0.19492,0.02842,0.746,-0.666,-0.012,0.004
3.95,0.70919,0.19472,0.028182,0.746,-0.666,-0.012,0.004
4,0.71445,0.19459,0.028037,0.746,-0.666,-0.012,0.004
4.05,0.71947,0.19459,0.028026,0.746,-0.666,-0.012,0.004
4.1,0.72398,0.19475,0.028181,0.746,-0.666,-0.012,0.004
4.15,0.72769,0.19507,0.028519,0.746,-0.666,-0.012,0.004
4.2,0.73044,0.19545,0.029007,0.746,-0.666,-0.012,0.004
4.25,0.73235,0.19579,0.02955,0.746,-0.666,-0.012,0.004
4.3,0.73373,0.19604,0.030056,0.746,-0.666,-0.012,0.004
4.35,0.73484,0.1962,0.030482,0.746,-0.666,-0.012,0.004
4.4,0.73588,0.19627,0.030821,0.746,-0.666,-0.012,0.004
4.45,0.73693,0.19626,0.031086,0.746,-0.666,-0.012,0.004
4.5,0.73803,0.19619,0.031294,0.746,-0.666,-0.012,0.004
4.55,0.73915,0.19606,0.031456,0.746,-0.666,-0.012,0.004
4.6,0.7403,0.19587,0.031577,0.746,-0.666,-0.012,0.004
4.65,0.74147,0.1956,0.031656,0.746,-0.666,-0.012,0.004
4.7,0.74266,0.19524,0.031679,0.746,-0.666,-0.012,0.004
4.75,0.74383,0.19475,0.03161,0.746,-0.666,-0.012,0.004
4.8,0.74497,0.19409,0.031372,0.746,-0.666,-0.012,0.004
4.85,0.74602,0.19318,0.030812,0.746,-0.666,-0.012,0.004
4.9,0.74687,0.19195,0.029654,0.746,-0.666,-0.012,0.004
4.95,0.74737,0.19032,0.027476,0.746,-0.666,-0.012,0.004
5,0.74738,0.18829,0.023985,0.746,-0.666,-0.012,0.004
