0.05,0.49727,0.50472,0.1371,0.746,-0.666,-0.012,0.004
0.1,0.48899,0.47949,0.15843,0.746,-0.666,-0.012,0.004
0.15,0.48152,0.45554,0.1775,0.746,-0.666,-0.012,0.004
0.2,0.47501,0.43315,0.19401,0.746,-0.666,-0.012,0.004
0.25,0.46941,0.41235,0.20813,0.746,-0.666,-0.012,0.004
0.3,0.46466,0.39305,0.22012,0.746,-0.666,-0.012,0.004
0.35,0.46068,0.37521,0.23022,0.746,-0.666,-0.012,0.004
0.4,0.45739,0.35875,0.23864,0.746,-0.666,-0.012,0.004
0.45,0.45474,0.34364,0.24558,0.746,-0.666,-0.012,0.004
0.5,0.45264,0.32984,0.25123,0.746,-0.666,-0.012,0.004
0.55,0.45105,0.31735,0.25573,0.746,-0.666,-0.012,0.004
0.6,0.44992,0.30625,0.25914,0.746,-0.666,-0.012,0.004
0.65,0.44921,0.29674,0.26152,0.746,-0.666,-0.012,0.004
0.7,0.44883,0.28893,0.26295,0.746,-0.666,-0.012,0.004
0.75,0.44867,0.28286,0.26353,0.746,-0.666,-0.012,0.004
0.8,0.44859,0.27839,0.26342,0.746,-0.666,-0.012,0.004
0.85,0.44844,0.27514,0.26278,0.746,-0.666,-0.012,0.004
0.9,0.44811,0.27254,0.26183,0.746,-0.666,-0.012,0.004
0.95,0.4476,0.27004,0.26069,0.746,-0.666,-0.012,0.004
1,0.447,0.26734,0.25943,0.746,-0.666,-0.012,0.004
1.05,0.44643,0.26438,0.25805,0.746,-0.666,-0.012,0.004
1.1,0.446,0.26127,0.25649,0.746,-0.666,-0.012,0.004
1.15,0.44577,0.25813,0.25474,0.746,-0.666,-0.012,0.004
1.2,0.44579,0.25509,0.25277,0.746,-0.666,-0.012,0.004
1.25,0.44606,0.25222,0.25058,0.746,-0.666,-0.012,0.004
1.3,0.44658,0.24956,0.24815,0.746,-0.666,-0.012,0.004
1.35,0.44735,0.24715,0.24549,0.746,-0.666,-0.012,0.004
1.4,0.44835,0.24499,0.2426,0.746,-0.666,-0.012,0.004
1.45,0.44957,0.2431,0.23947,0.746,-0.666,-0.012,0.004
1.5,0.45099,0.24147,0.2361,0.746,-0.666,-0.012,0.004
1.55,0.45261,0.24012,0.23247,0.746,-0.666,-0.012,0.004
1.6,0.45442,0.23903,0.22858,0.746,-0.666,-0.012,0.004
1.65,0.45643,0.23821,0.22441,0.746,-0.666,-0.012,0.004
1.7,0.45863,0.23766,0.21995,0.746,-0.666,-0.012,0.004
1.75,0.46105,0.23736,0.21518,0.746,-0.666,-0.012,0.004
1.8,0.46369,0.2373,0.21012,0.746,-0.666,-0.012,0.004
1.85,0.46657,0.23741,0.20479,0.746,-0.666,-0.012,0.004
1.9,0.4697,0.23761,0.19927,0.746,-0.666,-0.012,0.004
1.95,0.47308,0.23775,0.19367,0.746,-0.666,-0.012,0.004
2,0.47673,0.23762,0.18813,0.746,-0.666,-0.012,0.004
2.05,0.48064,0.23708,0.18274,0.746,-0.666,-0.012,0.004
2.1,0.48483,0.23607,0.17746,0.746,-0.666,-0.012,0.004
2.15,0.48929,0.23466,0.1722,0.746,-0.666,-0.012,0.004
2.2,0.494,0.233,0.1668,0.746,-0.666,-0.012,0.004
2.25,0.49898,0.23123,0.16112,0.746,-0.666,-0.012,0.004
2.3,0.50421,0.22948,0.15508,0.746,-0.666,-0.012,0.004
2.35,0.50971,0.22783,0.14866,0.746,-0.666,-0.012,0.004
2.4,0.51551,0.22628,0.14193,0.746,-0.666,-0.012,0.004
2.45,0.52165,0.22478,0.13502,0.746,-0.666,-0.012,0.004
2.5,0.52815,0.22322,0.12809,0.746,-0.666,-0.012,0.004
2.55,0.53501,0.22149,0.12127,0.746,-0.666,-0.012,0.004
2.6,0.54216,0.21958,0.11466,0.746,-0.666,-0.012,0.004
2.65,0.54944,0.21755,0.10827,0.746,-0.666,-0.012,0.004
2.7,0.55668,0.21551,0.10208,0.746,-0.666,-0.012,0.004
2.75,0.56378,0.21356,0.096041,0.746,-0.666,-0.012,0.004
2.8,0.57066,0.21174,0.090123,0.746,-0.666,-0.012,0.004
2.85,0.57737,0.21009,0.08429,0.746,-0.666,-0.012,0.004
2.9,0.58393,0.20859,0.078517,0.746,-0.666,-0.012,0.004
2.95,0.59042,0.20723,0.072788,0.746,-0.666,-0.012,0.004
3,0.59689,0.20598,0.067092,0.746,-0.666,-0.012,0.004
3.05,0.60339,0.20484,0.061437,0.746,-0.666,-0.012,0.004
3.1,0.60998,0.20378,0.055858,0.746,-0.666,-0.012,0.004
3.15,0.61668,0.2028,0.050437,0.746,-0.666,-0.012,0.004
3.2,0.6235,0.20189,0.045327,0.746,-0.666,-0.012,0.004
3.25,0.63039,0.20104,0.040762,0.746,-0.666,-0.012,0.004
3.3,0.63724,0.20026,0.037024,0.746,-0.666,-0.012,0.004
3.35,0.64387,0.19954,0.03431,0.746,-0.666,-0.012,0.004
3.4,0.65015,0.1989,0.03257,0.746,-0.666,-0.012,0.004
3.45,0.65608,0.19832,0.031542,0.746,-0.666,-0.012,0.004
3.5,0.66172,0.1978,0.030942,0.746,-0.666,-0.012,0.004
3.55,0.66715,0.19733,0.030557,0.746,-0.666,-0.012,0.004
3.6,0.67245,0.1969,0.030259,0.746,-0.666,-0.012,0.004
3.65,0.67768,0.19651,0.029978,0.746,-0.666,-0.012,0.004
3.7,0.68287,0.19614,0.029683,0.746,-0.666,-0.012,0.004
3.75,0.68807,0.1958,0.029369,0.746,-0.666,-0.012,0.004
3.8,0.69329,0.19548,0.029041,0.746,-0.666,-0.012,0.004
3.85,0.69856,0.19518,0.028717,0.746,-0.666,-0.012,0.004
3.9,0.70387,0.19492,0.028421,0.746,-0.666,-0.012,0.004
3.95,0.70919,0.19472,0.028183,0.746,-0.666,-0.012,0.004
4,0.71445,0.19459,0.028039,0.746,-0.666,-0.012,0.004
4.05,0.71947,0.19459,0.028028,0.746,-0.666,-0.012,0.004
4.1,0.72398,0.19475,0.028183,0.746,-0.666,-0.012,0.004
4.15,0.72769,0.19508,0.028522,0.746,-0.666,-0.012,0.004
4.2,0.73044,0.19547,0.029012,0.746,-0.666,-0.012,0.004
4.25,0.73235,0.19583,0.029556,0.746,-0.666,-0.012,0.004
4.3,0.73373,0.1961,0.030066,0.746,-0.666,-0.012,0.004
4.35,0.73484,0.19628,0.030498,0.746,-0.666,-0.012,0.004
4.4,0.73588,0.1964,0.030847,0.746,-0.666,-0.012,0.004
4.45,0.73693,0.19647,0.031127,0.746,-0.666,-0.012,0.004
4.5,0.73802,0.19652,0.031357,0.746,-0.666,-0.012,0.004
4.55,0.73914,0.19656,0.031554,0.746,-0.666,-0.012,0.004
4.6,0.74029,0.19662,0.03173,0.746,-0.666,-0.012,0.004
4.65,0.74145,0.19672,0.031894,0.746,-0.666,-0.012,0.004
4.7,0.74263,0.19691,0.032058,0.746,-0.666,-0.012,0.004
4.75,0.74377,0.19723,0.032228,0.746,-0.666,-0.012,0.004
4.8,0.74483,0.19778,0.032407,0.746,-0.666,-0.012,0.004
4.85,0.74566,0.19865,0.032603,0.746,-0.666,-0.012,0.004
4.9,0.74593,0.19999,0.032835,0.746,-0.666,-0.012,0.004
4.95,0.74506,0.20196,0.03315,0.746,-0.666,-0.012,0.004
5,0.74247,0.20457,0.033614,0.746,-0.666,-0.012,0.004
