0.05,0.12539,0.12049,0.28644,0.746,-0.666,-0.012,0.004
0.1,0.12891,0.12053,0.28699,0.746,-0.666,-0.012,0.004
0.15,0.13253,0.12067,0.28739,0.746,-0.666,-0.012,0.004
0.2,0.13624,0.1209,0.28762,0.746,-0.666,-0.012,0.004
0.25,0.14005,0.12122,0.28769,0.746,-0.666,-0.012,0.004
0.3,0.14394,0.12163,0.2876,0.746,-0.666,-0.012,0.004
0.35,0.1479,0.12214,0.28734,0.746,-0.666,-0.012,0.004
0.4,0.15191,0.12274,0.28693,0.746,-0.666,-0.012,0.004
0.45,0.15596,0.12344,0.28635,0.746,-0.666,-0.012,0.004
0.5,0.16,0.12425,0.2856,0.746,-0.666,-0.012,0.004
0.55,0.164,0.12517,0.28469,0.746,-0.666,-0.012,0.004
0.6,0.16789,0.1262,0.28361,0.746,-0.666,-0.012,0.004
0.65,0.17159,0.12736,0.28235,0.746,-0.666,-0.012,0.004
0.7,0.17503,0.12866,0.2809,0.746,-0.666,-0.012,0.004
0.75,0.17815,0.13011,0.27926,0.746,-0.666,-0.012,0.004
0.8,0.18095,0.13176,0.27739,0.746,-0.666,-0.012,0.004
0.85,0.18358,0.13361,0.27529,0.746,-0.666,-0.012,0.004
0.9,0.18625,0.13569,0.27294,0.746,-0.666,-0.012,0.004
0.95,0.18923,0.138,0.27033,0.746,-0.666,-0.012,0.004
1,0.19264,0.1405,0.26745,0.746,-0.666,-0.012,0.004
1.05,0.19652,0.14316,0.26434,0.746,-0.666,-0.012,0.004
1.1,0.20079,0.14592,0.26098,0.746,-0.666,-0.012,0.004
1.15,0.20538,0.14876,0.25741,0.746,-0.666,-0.012,0.004
1.2,0.2102,0.15164,0.25361,0.746,-0.666,-0.012,0.004
1.25,0.2152,0.15456,0.24961,0.746,-0.666,-0.012,0.004
1.3,0.22035,0.1575,0.24539,0.746,-0.666,-0.012,0.004
1.35,0.2256,0.16048,0.24095,0.746,-0.666,-0.012,0.004
1.4,0.23095,0.16348,0.2363,0.746,-0.666,-0.012,0.004
1.45,0.23636,0.16651,0.23142,0.746,-0.666,-0.012,0.004
1.5,0.24181,0.16955,0.22631,0.746,-0.666,-0.012,0.004
1.55,0.2473,0.1726,0.22098,0.746,-0.666,-0.012,0.004
1.6,0.2528,0.17566,0.2154,0.746,-0.666,-0.012,0.004
1.65,0.25829,0.17869,0.20959,0.746,-0.666,-0.012,0.004
1.7,0.26376,0.18168,0.20355,0.746,-0.666,-0.012,0.004
1.75,0.26917,0.18458,0.19731,0.746,-0.666,-0.012,0.004
1.8,0.27448,0.18733,0.1909,0.746,-0.666,-0.012,0.004
1.85,0.27966,0.18985,0.18439,0.746,-0.666,-0.012,0.004
1.9,0.28467,0.19205,0.17787,0.746,-0.666,-0.012,0.004
1.95,0.28955,0.19385,0.17141,0.746,-0.666,-0.012,0.004
2,0.29441,0.19522,0.16508,0.746,-0.666,-0.012,0.004
2.05,0.29938,0.1962,0.15888,0.746,-0.666,-0.012,0.004
2.1,0.30462,0.19685,0.15274,0.746,-0.666,-0.012,0.004
2.15,0.31017,0.19728,0.1466,0.746,-0.666,-0.012,0.004
2.2,0.31606,0.19759,0.14038,0.746,-0.666,-0.012,0.004
2.25,0.32226,0.19784,0.13401,0.746,-0.666,-0.012,0.004
2.3,0.32875,0.19809,0.12748,0.746,-0.666,-0.012,0.004
2.35,0.33552,0.19835,0.12082,0.746,-0.666,-0.012,0.004
2.4,0.3426,0.19862,0.1141,0.746,-0.666,-0.012,0.004
2.45,0.35007,0.19889,0.10742,0.746,-0.666,-0.012,0.004
2.5,0.35804,0.1991,0.10095,0.746,-0.666,-0.012,0.004
2.55,0.36662,0.19923,0.094812,0.746,-0.666,-0.012,0.004
2.6,0.37582,0.19925,0.089105,0.746,-0.666,-0.012,0.004
2.65,0.38553,0.19918,0.083844,0.746,-0.666,-0.012,0.004
2.7,0.3956,0.19902,0.078986,0.746,-0.666,-0.012,0.004
2.75,0.40585,0.19882,0.074458,0.746,-0.666,-0.012,0.004
2.8,0.41615,0.1986,0.070195,0.746,-0.666,-0.012,0.004
2.85,0.42642,0.19837,0.066146,0.746,-0.666,-0.012,0.004
2.9,0.4366,0.19815,0.062281,0.746,-0.666,-0.012,0.004
2.95,0.44667,0.19794,0.05858,0.746,-0.666,-0.012,0.004
3,0.45661,0.19775,0.055036,0.746,-0.666,-0.012,0.004
3.05,0.46643,0.19758,0.051642,0.746,-0.666,-0.012,0.004
3.1,0.47612,0.19743,0.048396,0.746,-0.666,-0.012,0.004
3.15,0.48567,0.1973,0.045298,0.746,-0.666,-0.012,0.004
3.2,0.49508,0.19719,0.042346,0.746,-0.666,-0.012,0.004
3.25,0.50437,0.1971,0.039539,0.746,-0.666,-0.012,0.004
3.3,0.51351,0.19704,0.036879,0.746,-0.666,-0.012,0.004
3.35,0.52252,0.19699,0.034363,0.746,-0.666,-0.012,0.004
3.4,0.5314,0.19697,0.031994,0.746,-0.666,-0.012,0.004
3.45,0.54014,0.19696,0.029769,0.746,-0.666,-0.012,0.004
3.5,0.54874,0.19698,0.02769,0.746,-0.666,-0.012,0.004
3.55,0.55721,0.19701,0.025756,0.746,-0.666,-0.012,0.004
3.6,0.56554,0.19707,0.023968,0.746,-0.666,-0.012,0.004
3.65,0.57374,0.19715,0.022324,0.746,-0.666,-0.012,0.004
3.7,0.5818,0.19725,0.020826,0.746,-0.666,-0.012,0.004
3.75,0.58972,0.19737,0.019474,0.746,-0.666,-0.012,0.004
3.8,0.59751,0.19752,0.018266,0.746,-0.666,-0.012,0.004
3.85,0.60517,0.19768,0.017204,0.746,-0.666,-0.012,0.004
3.9,0.61269,0.19786,0.016287,0.746,-0.666,-0.012,0.004
3.95,0.62007,0.19807,0.015515,0.746,-0.666,-0.012,0.004
4,0.62731,0.1983,0.014889,0.746,-0.666,-0.012,0.004
4.05,0.63442,0.19854,0.014408,0.746,-0.666,-0.012,0.004
4.1,0.6414,0.19881,0.014072,0.746,-0.666,-0.012,0.004
4.15,0.64824,0.1991,0.013881,0.746,-0.666,-0.012,0.004
4.2,0.65494,0.19941,0.013836,0.746,-0.666,-0.012,0.004
4.25,0.66151,0.19974,0.013935,0.746,-0.666,-0.012,0.004
4.3,0.66794,0.2001,0.014181,0.746,-0.666,-0.012,0.004
4.35,0.67423,0.20047,0.014571,0.746,-0.666,-0.012,0.004
4.4,0.68039,0.20086,0.015107,0.746,-0.666,-0.012,0.004
4.45,0.68642,0.20128,0.015787,0.746,-0.666,-0.012,0.004
4.5,0.69231,0.20171,0.016614,0.746,-0.666,-0.012,0.004
4.55,0.69806,0.20217,0.017585,0.746,-0.666,-0.012,0.004
4.6,0.70368,0.20265,0.018702,0.746,-0.666,-0.012,0.004
4.65,0.70916,0.20315,0.019964,0.746,-0.666,-0.012,0.004
4.7,0.7145,0.20367,0.021371,0.746,-0.666,-0.012,0.004
4.75,0.71971,0.20421,0.022923,0.746,-0.666,-0.012,0.004
4.8,0.72479,0.20477,0.024621,0.746,-0.666,-0.012,0.004
4.85,0.72972,0.20536,0.026464,0.746,-0.666,-0.012,0.004
4.9,0.73453,0.20596,0.028452,0.746,-0.666,-0.012,0.004
4.95,0.73919,0.20659,0.030586,0.746,-0.666,-0.012,0.004
5,0.74372,0.20723,0.032864,0.746,-0.666,-0.012,0.004
