0.05,0.37827,0.10125,0.2016,0.746,-0.666,-0.012,0.004
0.1,0.37856,0.10168,0.20304,0.746,-0.666,-0.012,0.004
0.15,0.37897,0.10219,0.20432,0.746,-0.666,-0.012,0.004
0.2,0.37948,0.10279,0.20543,0.746,-0.666,-0.012,0.004
0.25,0.38009,0.10348,0.20638,0.746,-0.666,-0.012,0.004
0.3,0.38081,0.10426,0.20716,0.746,-0.666,-0.012,0.004
0.35,0.38162,0.10514,0.20777,0.746,-0.666,-0.012,0.004
0.4,0.38253,0.1061,0.2082,0.746,-0.666,-0.012,0.004
0.45,0.38352,0.10716,0.20846,0.746,-0.666,-0.012,0.004
0.5,0.38459,0.10832,0.20854,0.746,-0.666,-0.012,0.004
0.55,0.38572,0.10956,0.20841,0.746,-0.666,-0.012,0.004
0.6,0.38689,0.11091,0.20808,0.746,-0.666,-0.012,0.004
0.65,0.38808,0.11235,0.20751,0.746,-0.666,-0.012,0.004
0.7,0.38927,0.11388,0.2067,0.746,-0.666,-0.012,0.004
0.75,0.39042,0.11551,0.20561,0.746,-0.666,-0.012,0.004
0.8,0.39154,0.11725,0.20425,0.746,-0.666,-0.012,0.004
0.85,0.39264,0.11908,0.20264,0.746,-0.666,-0.012,0.004
0.9,0.3938,0.12103,0.20081,0.746,-0.666,-0.012,0.004
0.95,0.39506,0.12309,0.19882,0.746,-0.666,-0.012,0.004
1,0.3965,0.12525,0.1967,0.746,-0.666,-0.012,0.004
1.05,0.39812,0.12748,0.19443,0.746,-0.666,-0.012,0.004
1.1,0.39994,0.12977,0.19202,0.746,-0.666,-0.012,0.004
1.15,0.40194,0.1321,0.18943,0.746,-0.666,-0.012,0.004
1.2,0.40411,0.13447,0.18665,0.746,-0.666,-0.012,0.004
1.25,0.40643,0.13688,0.18367,0.746,-0.666,-0.012,0.004
1.3,0.40889,0.13933,0.18047,0.746,-0.666,-0.012,0.004
1.35,0.41149,0.14181,0.17705,0.746,-0.666,-0.012,0.004
1.4,0.4142,0.14434,0.1734,0.746,-0.666,-0.012,0.004
1.45,0.41702,0.14692,0.1695,0.746,-0.666,-0.012,0.004
1.5,0.41994,0.14954,0.16535,0.746,-0.666,-0.012,0.004
1.55,0.42295,0.1522,0.16095,0.746,-0.666,-0.012,0.004
1.6,0.42605,0.1549,0.15627,0.746,-0.666,-0.012,0.004
1.65,0.42924,0.15762,0.15133,0.746,-0.666,-0.012,0.004
1.7,0.4325,0.16033,0.14611,0.746,-0.666,-0.012,0.004
1.75,0.43585,0.163,0.14063,0.746,-0.666,-0.012,0.004
1.8,0.43928,0.16557,0.13491,0.746,-0.666,-0.012,0.004
1.85,0.44278,0.16796,0.12901,0.746,-0.666,-0.012,0.004
1.9,0.44636,0.17008,0.12299,0.746,-0.666,-0.012,0.004
1.95,0.45003,0.17187,0.11695,0.746,-0.666,-0.012,0.004
2,0.45379,0.17328,0.11098,0.746,-0.666,-0.012,0.004
2.05,0.45767,0.17436,0.1051,0.746,-0.666,-0.012,0.004
2.1,0.46171,0.17517,0.099304,0.746,-0.666,-0.012,0.004
2.15,0.46593,0.17581,0.093529,0.746,-0.666,-0.012,0.004
2.2,0.47036,0.17635,0.087698,0.746,-0.666,-0.012,0.004
2.25,0.47502,0.17685,0.081746,0.746,-0.666,-0.012,0.004
2.3,0.47993,0.17735,0.075642,0.746,-0.666,-0.012,0.004
2.35,0.48514,0.17784,0.069402,0.746,-0.666,-0.012,0.004
2.4,0.4907,0.1783,0.063094,0.746,-0.666,-0.012,0.004
2.45,0.49664,0.1787,0.056846,0.746,-0.666,-0.012,0.004
2.5,0.503,0.179,0.050828,0.746,-0.666,-0.012,0.004
2.55,0.50978,0.17919,0.045209,0.746,-0.666,-0.012,0.004
2.6,0.51692,0.17925,0.0401,0.746,-0.666,-0.012,0.004
2.65,0.5243,0.1792,0.035519,0.746,-0.666,-0.012,0.004
2.7,0.53182,0.17907,0.031405,0.746,-0.666,-0.012,0.004
2.75,0.53937,0.17889,0.027666,0.746,-0.666,-0.012,0.004
2.8,0.54688,0.17868,0.024218,0.746,-0.666,-0.012,0.004
2.85,0.55431,0.17848,0.020999,0.746,-0.666,-0.012,0.004
2.9,0.56162,0.17828,0.01797,0.746,-0.666,-0.012,0.004
2.95,0.56881,0.17809,0.01511,0.746,-0.666,-0.012,0.004
3,0.57587,0.17793,0.012408,0.746,-0.666,-0.012,0.004
3.05,0.5828,0.17778,0.0098566,0.746,-0.666,-0.012,0.004
3.1,0.5896,0.17765,0.0074542,0.746,-0.666,-0.012,0.004
3.15,0.59626,0.17754,0.0051991,0.746,-0.666,-0.012,0.004
3.2,0.60279,0.17745,0.0030905,0.746,-0.666,-0.012,0.004
3.25,0.60918,0.17739,0.0011278,0.746,-0.666,-0.012,0.004
3.3,0.61544,0.17734,-0.00068914,0.746,-0.666,-0.012,0.004
3.35,0.62156,0.17732,-0.0023606,0.746,-0.666,-0.012,0.004
3.4,0.62754,0.17731,-0.0038866,0.746,-0.666,-0.012,0.004
3.45,0.63339,0.17733,-0.0052673,0.746,-0.666,-0.012,0.004
3.5,0.63911,0.17737,-0.0065026,0.746,-0.666,-0.012,0.004
3.55,0.64468,0.17743,-0.0075927,0.746,-0.666,-0.012,0.004
3.6,0.65013,0.17751,-0.0085375,0.746,-0.666,-0.012,0.004
3.65,0.65543,0.17761,-0.009337,0.746,-0.666,-0.012,0.004
3.7,0.6606,0.17774,-0.0099912,0.746,-0.666,-0.012,0.004
3.75,0.66564,0.17788,-0.0105,0.746,-0.666,-0.012,0.004
3.8,0.67054,0.17804,-0.010864,0.746,-0.666,-0.012,0.004
3.85,0.6753,0.17823,-0.011082,0.746,-0.666,-0.012,0.004
3.9,0.67993,0.17844,-0.011156,0.746,-0.666,-0.012,0.004
3.95,0.68442,0.17866,-0.011083,0.746,-0.666,-0.012,0.004
4,0.68878,0.17891,-0.010866,0.746,-0.666,-0.012,0.004
4.05,0.693,0.17918,-0.010504,0.746,-0.666,-0.012,0.004
4.1,0.69708,0.17947,-0.0099957,0.746,-0.666,-0.012,0.004
4.15,0.70103,0.17978,-0.0093426,0.746,-0.666,-0.012,0.004
4.2,0.70484,0.18012,-0.0085443,0.746,-0.666,-0.012,0.004
4.25,0.70852,0.18047,-0.0076007,0.746,-0.666,-0.012,0.004
4.3,0.71206,0.18084,-0.0065118,0.746,-0.666,-0.012,0.004
4.35,0.71547,0.18124,-0.0052777,0.746,-0.666,-0.012,0.004
4.4,0.71874,0.18166,-0.0038983,0.746,-0.666,-0.012,0.004
4.45,0.72187,0.18209,-0.0023736,0.746,-0.666,-0.012,0.004
4.5,0.72487,0.18255,-0.0007037,0.746,-0.666,-0.012,0.004
4.55,0.72773,0.18303,0.0011115,0.746,-0.666,-0.012,0.004
4.6,0.73046,0.18353,0.0030719,0.746,-0.666,-0.012,0.004
4.65,0.73305,0.18405,0.0051776,0.746,-0.666,-0.012,0.004
4.7,0.7355,0.18459,0.0074285,0.746,-0.666,-0.012,0.004
4.75,0.73782,0.18516,0.0098247,0.746,-0.666,-0.012,0.004
4.8,0.74001,0.18574,0.012366,0.746,-0.666,-0.012,0.004
4.85,0.74205,0.18635,0.015053,0.746,-0.666,-0.012,0.004
4.9,0.74397,0.18697,0.017885,0.746,-0.666,-0.012,0.004
4.95,0.74574,0.18762,0.020862,0.746,-0.666,-0.012,0.004
5,0.74738,0.18829,0.023985,0.746,-0.666,-0.012,0.004
