0.05,0.26262,0.39666,0.3937,0.746,-0.666,-0.012,0.004
0.1,0.26475,0.39252,0.39294,0.746,-0.666,-0.012,0.004
0.15,0.26699,0.38847,0.39201,0.746,-0.666,-0.012,0.004
0.2,0.26933,0.38453,0.39094,0.746,-0.666,-0.012,0.004
0.25,0.27177,0.3807,0.3897,0.746,-0.666,-0.012,0.004
0.3,0.2743,0.37698,0.38832,0.746,-0.666,-0.012,0.004
0.35,0.27691,0.3734,0.38678,0.746,-0.666,-0.012,0.004
0.4,0.27959,0.36996,0.38509,0.746,-0.666,-0.012,0.004
0.45,0.28232,0.3667,0.38327,0.746,-0.666,-0.012,0.004
0.5,0.28509,0.36364,0.38131,0.746,-0.666,-0.012,0.004
0.55,0.28785,0.36083,0.37923,0.746,-0.666,-0.012,0.004
0.6,0.29057,0.35834,0.37704,0.746,-0.666,-0.012,0.004
0.65,0.29319,0.35624,0.37477,0.746,-0.666,-0.012,0.004
0.7,0.29564,0.35464,0.37242,0.746,-0.666,-0.012,0.004
0.75,0.29788,0.3536,0.37001,0.746,-0.666,-0.012,0.004
0.8,0.29988,0.35315,0.36754,0.746,-0.666,-0.012,0.004
0.85,0.30173,0.3532,0.36496,0.746,-0.666,-0.012,0.004
0.9,0.30353,0.35359,0.36221,0.746,-0.666,-0.012,0.004
0.95,0.30546,0.35408,0.35922,0.746,-0.666,-0.012,0.004
1,0.30762,0.35453,0.35596,0.746,-0.666,-0.012,0.004
1.05,0.31006,0.35486,0.35241,0.746,-0.666,-0.012,0.004
1.1,0.31275,0.3551,0.3486,0.746,-0.666,-0.012,0.004
1.15,0.31567,0.35528,0.34454,0.746,-0.666,-0.012,0.004
1.2,0.31878,0.35543,0.34025,0.746,-0.666,-0.012,0.004
1.25,0.32206,0.35561,0.33574,0.746,-0.666,-0.012,0.004
1.3,0.3255,0.35582,0.33102,0.746,-0.666,-0.012,0.004
1.35,0.32906,0.3561,0.32608,0.746,-0.666,-0.012,0.004
1.4,0.33274,0.35644,0.32092,0.746,-0.666,-0.012,0.004
1.45,0.33654,0.35687,0.31555,0.746,-0.666,-0.012,0.004
1.5,0.34042,0.35739,0.30995,0.746,-0.666,-0.012,0.004
1.55,0.3444,0.358,0.30413,0.746,-0.666,-0.012,0.004
1.6,0.34846,0.35871,0.29808,0.746,-0.666,-0.012,0.004
1.65,0.35259,0.35952,0.29181,0.746,-0.666,-0.012,0.004
1.7,0.35678,0.36042,0.28532,0.746,-0.666,-0.012,0.004
1.75,0.36102,0.36138,0.27865,0.746,-0.666,-0.012,0.004
1.8,0.3653,0.36239,0.27183,0.746,-0.666,-0.012,0.004
1.85,0.36958,0.36339,0.26494,0.746,-0.666,-0.012,0.004
1.9,0.37385,0.36431,0.25807,0.746,-0.666,-0.012,0.004
1.95,0.37814,0.36502,0.25128,0.746,-0.666,-0.012,0.004
2,0.38249,0.3654,0.24461,0.746,-0.666,-0.012,0.004
2.05,0.38701,0.36538,0.23801,0.746,-0.666,-0.012,0.004
2.1,0.39178,0.36492,0.23143,0.746,-0.666,-0.012,0.004
2.15,0.39684,0.36409,0.22476,0.746,-0.666,-0.012,0.004
2.2,0.40218,0.36301,0.21794,0.746,-0.666,-0.012,0.004
2.25,0.40781,0.36178,0.21095,0.746,-0.666,-0.012,0.004
2.3,0.41369,0.3605,0.20377,0.746,-0.666,-0.012,0.004
2.35,0.41983,0.35923,0.19644,0.746,-0.666,-0.012,0.004
2.4,0.42625,0.35797,0.18903,0.746,-0.666,-0.012,0.004
2.45,0.43301,0.35664,0.18163,0.746,-0.666,-0.012,0.004
2.5,0.44015,0.35512,0.17435,0.746,-0.666,-0.012,0.004
2.55,0.44775,0.35326,0.16728,0.746,-0.666,-0.012,0.004
2.6,0.45577,0.35098,0.16048,0.746,-0.666,-0.012,0.004
2.65,0.46415,0.34828,0.15398,0.746,-0.666,-0.012,0.004
2.7,0.47275,0.34525,0.14775,0.746,-0.666,-0.012,0.004
2.75,0.48144,0.342,0.14177,0.746,-0.666,-0.012,0.004
2.8,0.49012,0.33862,0.136,0.746,-0.666,-0.012,0.004
2.85,0.49874,0.33518,0.13042,0.746,-0.666,-0.012,0.004
2.9,0.50726,0.33172,0.12502,0.746,-0.666,-0.012,0.004
2.95,0.51567,0.32827,0.11977,0.746,-0.666,-0.012,0.004
3,0.52394,0.32482,0.11467,0.746,-0.666,-0.012,0.004
3.05,0.53209,0.32139,0.10972,0.746,-0.666,-0.012,0.004
3.1,0.5401,0.31798,0.10493,0.746,-0.666,-0.012,0.004
3.15,0.54798,0.31459,0.10027,0.746,-0.666,-0.012,0.004
3.2,0.55573,0.31122,0.095766,0.746,-0.666,-0.012,0.004
3.25,0.56334,0.30786,0.091405,0.746,-0.666,-0.012,0.004
3.3,0.57081,0.30453,0.087189,0.746,-0.666,-0.012,0.004
3.35,0.57815,0.30122,0.083119,0.746,-0.666,-0.012,0.004
3.4,0.58535,0.29793,0.079195,0.746,-0.666,-0.012,0.004
3.45,0.59242,0.29467,0.075416,0.746,-0.666,-0.012,0.004
3.5,0.59935,0.29142,0.071782,0.746,-0.666,-0.012,0.004
3.55,0.60615,0.28819,0.068293,0.746,-0.666,-0.012,0.004
3.6,0.61281,0.28499,0.06495,0.746,-0.666,-0.012,0.004
3.65,0.61933,0.2818,0.061752,0.746,-0.666,-0.012,0.004
3.7,0.62572,0.27864,0.058699,0.746,-0.666,-0.012,0.004
3.75,0.63197,0.2755,0.055791,0.746,-0.666,-0.012,0.004
3.8,0.63809,0.27238,0.053029,0.746,-0.666,-0.012,0.004
3.85,0.64407,0.26928,0.050412,0.746,-0.666,-0.012,0.004
3.9,0.64992,0.2662,0.04794,0.746,-0.666,-0.012,0.004
3.95,0.65563,0.26314,0.045614,0.746,-0.666,-0.012,0.004
4,0.6612,0.2601,0.043433,0.746,-0.666,-0.012,0.004
4.05,0.66664,0.25709,0.041397,0.746,-0.666,-0.012,0.004
4.1,0.67194,0.25409,0.039506,0.746,-0.666,-0.012,0.004
4.15,0.67711,0.25112,0.03776,0.746,-0.666,-0.012,0.004
4.2,0.68214,0.24816,0.03616,0.746,-0.666,-0.012,0.004
4.25,0.68703,0.24523,0.034705,0.746,-0.666,-0.012,0.004
4.3,0.69179,0.24232,0.033396,0.746,-0.666,-0.012,0.004
4.35,0.69641,0.23943,0.032231,0.746,-0.666,-0.012,0.004
4.4,0.7009,0.23656,0.031212,0.746,-0.666,-0.012,0.004
4.45,0.70525,0.23371,0.030338,0.746,-0.666,-0.012,0.004
4.5,0.70947,0.23088,0.029609,0.746,-0.666,-0.012,0.004
4.55,0.71355,0.22808,0.029026,0.746,-0.666,-0.012,0.004
4.6,0.71749,0.22529,0.028588,0.746,-0.666,-0.012,0.004
4.65,0.7213,0.22253,0.028295,0.746,-0.666,-0.012,0.004
4.7,0.72498,0.21978,0.028147,0.746,-0.666,-0.012,0.004
4.75,0.72851,0.21706,0.028145,0.746,-0.666,-0.012,0.004
4.8,0.73191,0.21436,0.028288,0.746,-0.666,-0.012,0.004
4.85,0.73518,0.21168,0.028576,0.746,-0.666,-0.012,0.004
4.9,0.73831,0.20902,0.029009,0.746,-0.666,-0.012,0.004
4.95,0.7413,0.20638,0.029588,0.746,-0.666,-0.012,0.004
5,0.74416,0.20377,0.030312,0.746,-0.666,-0.012,0.004
