0.05,0.56666,-0.06039,0.47246,0.746,-0.666,-0.012,0.004
0.1,0.56429,-0.057355,0.47069,0.746,-0.666,-0.012,0.004
0.15,0.56204,-0.054238,0.46876,0.746,-0.666,-0.012,0.004
0.2,0.5599,-0.05104,0.46668,0.746,-0.666,-0.012,0.004
0.25,0.55788,-0.047764,0.46445,0.746,-0.666,-0.012,0.004
0.3,0.55598,-0.044414,0.46207,0.746,-0.666,-0.012,0.004
0.35,0.5542,-0.040995,0.45955,0.746,-0.666,-0.012,0.004
0.4,0.55254,-0.037515,0.45689,0.746,-0.666,-0.012,0.004
0.45,0.55102,-0.033986,0.45411,0.746,-0.666,-0.012,0.004
0.5,0.54963,-0.030427,0.45123,0.746,-0.666,-0.012,0.004
0.55,0.5484,-0.026862,0.44825,0.746,-0.666,-0.012,0.004
0.6,0.54734,-0.023329,0.44522,0.746,-0.666,-0.012,0.004
0.65,0.54647,-0.019874,0.44217,0.746,-0.666,-0.012,0.004
0.7,0.54583,-0.016552,0.43914,0.746,-0.666,-0.012,0.004
0.75,0.54544,-0.013411,0.43617,0.746,-0.666,-0.012,0.004
0.8,0.5453,-0.010466,0.43326,0.746,-0.666,-0.012,0.004
0.85,0.5454,-0.0076724,0.43036,0.746,-0.666,-0.012,0.004
0.9,0.5457,-0.0049243,0.42739,0.746,-0.666,-0.012,0.004
0.95,0.54614,-0.002106,0.42422,0.746,-0.666,-0.012,0.004
1,0.54668,0.00085352,0.4208,0.746,-0.666,-0.012,0.004
1.05,0.54733,0.0039641,0.41709,0.746,-0.666,-0.012,0.004
1.1,0.54809,0.0071991,0.41311,0.746,-0.666,-0.012,0.004
1.15,0.54898,0.010524,0.40887,0.746,-0.666,-0.012,0.004
1.2,0.55001,0.013913,0.4044,0.746,-0.666,-0.012,0.004
1.25,0.55118,0.017348,0.39971,0.746,-0.666,-0.012,0.004
1.3,0.55249,0.020822,0.39481,0.746,-0.666,-0.012,0.004
1.35,0.55393,0.024331,0.3897,0.746,-0.666,-0.012,0.004
1.4,0.55549,0.027871,0.38438,0.746,-0.666,-0.012,0.004
1.45,0.55717,0.031441,0.37885,0.746,-0.666,-0.012,0.004
1.5,0.55896,0.035036,0.37311,0.746,-0.666,-0.012,0.004
1.55,0.56086,0.038651,0.36715,0.746,-0.666,-0.012,0.004
1.6,0.56287,0.042271,0.36098,0.746,-0.666,-0.012,0.004
1.65,0.56498,0.04588,0.3546,0.746,-0.666,-0.012,0.004
1.7,0.56721,0.049445,0.34801,0.746,-0.666,-0.012,0.004
1.75,0.56956,0.052918,0.34125,0.746,-0.666,-0.012,0.004
1.8,0.57205,0.05623,0.33436,0.746,-0.666,-0.012,0.004
1.85,0.57469,0.059293,0.32739,0.746,-0.666,-0.012,0.004
1.9,0.57749,0.062027,0.32041,0.746,-0.666,-0.012,0.004
1.95,0.58041,0.0644,0.31345,0.746,-0.666,-0.012,0.004
2,0.58339,0.066465,0.30647,0.746,-0.666,-0.012,0.004
2.05,0.58638,0.068347,0.29936,0.746,-0.666,-0.012,0.004
2.1,0.58933,0.070181,0.29204,0.746,-0.666,-0.012,0.004
2.15,0.59227,0.07206,0.28442,0.746,-0.666,-0.012,0.004
2.2,0.59525,0.074014,0.2765,0.746,-0.666,-0.012,0.004
2.25,0.59837,0.07602,0.26831,0.746,-0.666,-0.012,0.004
2.3,0.60173,0.078019,0.25994,0.746,-0.666,-0.012,0.004
2.35,0.60542,0.079942,0.25149,0.746,-0.666,-0.012,0.004
2.4,0.60953,0.081723,0.24306,0.746,-0.666,-0.012,0.004
2.45,0.61408,0.083324,0.23478,0.746,-0.666,-0.012,0.004
2.5,0.61904,0.084758,0.22671,0.746,-0.666,-0.012,0.004
2.55,0.62431,0.086081,0.21888,0.746,-0.666,-0.012,0.004
2.6,0.62976,0.087363,0.21129,0.746,-0.666,-0.012,0.004
2.65,0.63525,0.088656,0.20393,0.746,-0.666,-0.012,0.004
2.7,0.6407,0.089983,0.19679,0.746,-0.666,-0.012,0.004
2.75,0.64607,0.091342,0.18984,0.746,-0.666,-0.012,0.004
2.8,0.65131,0.09273,0.18308,0.746,-0.666,-0.012,0.004
2.85,0.65644,0.094141,0.17648,0.746,-0.666,-0.012,0.004
2.9,0.66143,0.095574,0.17005,0.746,-0.666,-0.012,0.004
2.95,0.66629,0.097028,0.16378,0.746,-0.666,-0.012,0.004
3,0.67102,0.098502,0.15765,0.746,-0.666,-0.012,0.004
3.05,0.67562,0.099997,0.15167,0.746,-0.666,-0.012,0.004
3.1,0.68008,0.10151,0.14584,0.746,-0.666,-0.012,0.004
3.15,0.6844,0.10305,0.14016,0.746,-0.666,-0.012,0.004
3.2,0.68859,0.10461,0.13462,0.746,-0.666,-0.012,0.004
3.25,0.69265,0.10619,0.12922,0.746,-0.666,-0.012,0.004
3.3,0.69656,0.10779,0.12398,0.746,-0.666,-0.012,0.004
3.35,0.70035,0.10941,0.11887,0.746,-0.666,-0.012,0.004
3.4,0.70399,0.11105,0.11392,0.746,-0.666,-0.012,0.004
3.45,0.70751,0.11271,0.10911,0.746,-0.666,-0.012,0.004
3.5,0.71088,0.1144,0.10444,0.746,-0.666,-0.012,0.004
3.55,0.71412,0.1161,0.099919,0.746,-0.666,-0.012,0.004
3.6,0.71722,0.11783,0.095544,0.746,-0.666,-0.012,0.004
3.65,0.72019,0.11958,0.091313,0.746,-0.666,-0.012,0.004
3.7,0.72302,0.12134,0.087228,0.746,-0.666,-0.012,0.004
3.75,0.72572,0.12313,0.083288,0.746,-0.666,-0.012,0.004
3.8,0.72828,0.12494,0.079493,0.746,-0.666,-0.012,0.004
3.85,0.73071,0.12677,0.075844,0.746,-0.666,-0.012,0.004
3.9,0.733,0.12863,0.07234,0.746,-0.666,-0.012,0.004
3.95,0.73515,0.1305,0.068981,0.746,-0.666,-0.012,0.004
4,0.73717,0.13239,0.065767,0.746,-0.666,-0.012,0.004
4.05,0.73905,0.13431,0.062699,0.746,-0.666,-0.012,0.004
4.1,0.7408,0.13625,0.059776,0.746,-0.666,-0.012,0.004
4.15,0.74241,0.1382,0.056998,0.746,-0.666,-0.012,0.004
4.2,0.74388,0.14018,0.054365,0.746,-0.666,-0.012,0.004
4.25,0.74522,0.14218,0.051878,0.746,-0.666,-0.012,0.004
4.3,0.74642,0.1442,0.049536,0.746,-0.666,-0.012,0.004
4.35,0.74749,0.14624,0.047339,0.746,-0.666,-0.012,0.004
4.4,0.74842,0.1483,0.045288,0.746,-0.666,-0.012,0.004
4.45,0.74922,0.15038,0.043381,0.746,-0.666,-0.012,0.004
4.5,0.74988,0.15249,0.04162,0.746,-0.666,-0.012,0.004
4.55,0.7504,0.15461,0.040005,0.746,-0.666,-0.012,0.004
4.6,0.75079,0.15676,0.038534,0.746,-0.666,-0.012,0.004
4.65,0.75104,0.15893,0.037209,0.746,-0.666,-0.012,0.004
4.7,0.75116,0.16111,0.036029,0.746,-0.666,-0.012,0.004
4.75,0.75114,0.16332,0.034994,0.746,-0.666,-0.012,0.004
4.8,0.75098,0.16555,0.034105,0.746,-0.666,-0.012,0.004
4.85,0.75069,0.1678,0.03336,0.746,-0.666,-0.012,0.004
4.9,0.75027,0.17008,0.032762,0.746,-0.666,-0.012,0.004
4.95,0.7497,0.17237,0.032308,0.746,-0.666,-0.012,0.004
5,0.74901,0.17468,0.031999,0.746,-0.666,-0.012,0.004
