0.05,0.84026,-0.18407,0.34264,0.746,-0.666,-0.012,0.004
0.1,0.83416,-0.1783,0.34252,0.746,-0.666,-0.012,0.004
0.15,0.82819,-0.17246,0.34224,0.746,-0.666,-0.012,0.004
0.2,0.82234,-0.16654,0.3418,0.746,-0.666,-0.012,0.004
0.25,0.81663,-0.16056,0.34121,0.746,-0.666,-0.012,0.004
0.3,0.81105,-0.15452,0.34045,0.746,-0.666,-0.012,0.004
0.35,0.80563,-0.14843,0.33954,0.746,-0.666,-0.012,0.004
0.4,0.80038,-0.14232,0.33848,0.746,-0.666,-0.012,0.004
0.45,0.79533,-0.13621,0.33727,0.746,-0.666,-0.012,0.004
0.5,0.7905,-0.13013,0.3359,0.746,-0.666,-0.012,0.004
0.55,0.78595,-0.12414,0.3344,0.746,-0.666,-0.012,0.004
0.6,0.78175,-0.11831,0.33276,0.746,-0.666,-0.012,0.004
0.65,0.77798,-0.11275,0.331,0.746,-0.666,-0.012,0.004
0.7,0.77474,-0.10757,0.32913,0.746,-0.666,-0.012,0.004
0.75,0.77209,-0.10287,0.32717,0.746,-0.666,-0.012,0.004
0.8,0.77005,-0.098697,0.32515,0.746,-0.666,-0.012,0.004
0.85,0.76847,-0.094976,0.32306,0.746,-0.666,-0.012,0.004
0.9,0.76713,-0.091514,0.32092,0.746,-0.666,-0.012,0.004
0.95,0.76578,-0.08808,0.31871,0.746,-0.666,-0.012,0.004
1,0.76428,-0.084512,0.31639,0.746,-0.666,-0.012,0.004
1.05,0.76261,-0.080758,0.31395,0.746,-0.666,-0.012,0.004
1.1,0.76085,-0.076839,0.31135,0.746,-0.666,-0.012,0.004
1.15,0.75909,-0.072797,0.30857,0.746,-0.666,-0.012,0.004
1.2,0.75739,-0.068671,0.3056,0.746,-0.666,-0.012,0.004
1.25,0.7558,-0.064488,0.30243,0.746,-0.666,-0.012,0.004
1.3,0.75434,-0.06026,0.29904,0.746,-0.666,-0.012,0.004
1.35,0.75303,-0.055995,0.29543,0.746,-0.666,-0.012,0.004
1.4,0.75186,-0.051698,0.29159,0.746,-0.666,-0.012,0.004
1.45,0.75086,-0.047373,0.28752,0.746,-0.666,-0.012,0.004
1.5,0.75001,-0.043024,0.2832,0.746,-0.666,-0.012,0.004
1.55,0.74932,-0.03866,0.27864,0.746,-0.666,-0.012,0.004
1.6,0.7488,-0.034294,0.27381,0.746,-0.666,-0.012,0.004
1.65,0.74848,-0.029949,0.26872,0.746,-0.666,-0.012,0.004
1.7,0.74836,-0.025661,0.26337,0.746,-0.666,-0.012,0.004
1.75,0.74851,-0.021486,0.25776,0.746,-0.666,-0.012,0.004
1.8,0.74897,-0.017505,0.25192,0.746,-0.666,-0.012,0.004
1.85,0.74979,-0.013816,0.24589,0.746,-0.666,-0.012,0.004
1.9,0.75102,-0.010504,0.2397,0.746,-0.666,-0.012,0.004
1.95,0.75258,-0.0075778,0.23341,0.746,-0.666,-0.012,0.004
2,0.75432,-0.0049306,0.22701,0.746,-0.666,-0.012,0.004
2.05,0.75604,-0.0023711,0.22047,0.746,-0.666,-0.012,0.004
2.1,0.75758,0.00028344,0.21373,0.746,-0.666,-0.012,0.004
2.15,0.75893,0.0031317,0.20676,0.746,-0.666,-0.012,0.004
2.2,0.76016,0.0061735,0.19954,0.746,-0.666,-0.012,0.004
2.25,0.76143,0.0093353,0.19209,0.746,-0.666,-0.012,0.004
2.3,0.76292,0.012506,0.18448,0.746,-0.666,-0.012,0.004
2.35,0.76478,0.015568,0.17679,0.746,-0.666,-0.012,0.004
2.4,0.76711,0.018435,0.16915,0.746,-0.666,-0.012,0.004
2.45,0.76992,0.02108,0.16167,0.746,-0.666,-0.012,0.004
2.5,0.77308,0.023564,0.1545,0.746,-0.666,-0.012,0.004
2.55,0.77638,0.026015,0.1477,0.746,-0.666,-0.012,0.004
2.6,0.77958,0.02856,0.14131,0.746,-0.666,-0.012,0.004
2.65,0.78255,0.031269,0.13532,0.746,-0.666,-0.012,0.004
2.7,0.78524,0.03414,0.12967,0.746,-0.666,-0.012,0.004
2.75,0.78768,0.037134,0.12432,0.746,-0.666,-0.012,0.004
2.8,0.78991,0.04021,0.1192,0.746,-0.666,-0.012,0.004
2.85,0.79196,0.043339,0.11428,0.746,-0.666,-0.012,0.004
2.9,0.79385,0.046505,0.10954,0.746,-0.666,-0.012,0.004
2.95,0.7956,0.049698,0.10495,0.746,-0.666,-0.012,0.004
3,0.79721,0.052916,0.10053,0.746,-0.666,-0.012,0.004
3.05,0.79868,0.056157,0.09625,0.746,-0.666,-0.012,0.004
3.1,0.80002,0.059419,0.09212,0.746,-0.666,-0.012,0.004
3.15,0.80122,0.062703,0.088137,0.746,-0.666,-0.012,0.004
3.2,0.80228,0.066008,0.0843,0.746,-0.666,-0.012,0.004
3.25,0.80321,0.069334,0.080609,0.746,-0.666,-0.012,0.004
3.3,0.804,0.072682,0.077064,0.746,-0.666,-0.012,0.004
3.35,0.80466,0.07605,0.073664,0.746,-0.666,-0.012,0.004
3.4,0.80518,0.079439,0.070409,0.746,-0.666,-0.012,0.004
3.45,0.80556,0.08285,0.0673,0.746,-0.666,-0.012,0.004
3.5,0.80581,0.086281,0.064336,0.746,-0.666,-0.012,0.004
3.55,0.80593,0.089734,0.061518,0.746,-0.666,-0.012,0.004
3.6,0.8059,0.093207,0.058844,0.746,-0.666,-0.012,0.004
3.65,0.80575,0.096701,0.056316,0.746,-0.666,-0.012,0.004
3.7,0.80545,0.10022,0.053934,0.746,-0.666,-0.012,0.004
3.75,0.80502,0.10375,0.051696,0.746,-0.666,-0.012,0.004
3.8,0.80446,0.10731,0.049604,0.746,-0.666,-0.012,0.004
3.85,0.80375,0.11089,0.047657,0.746,-0.666,-0.012,0.004
3.9,0.80292,0.11449,0.045855,0.746,-0.666,-0.012,0.004
3.95,0.80194,0.11811,0.044199,0.746,-0.666,-0.012,0.004
4,0.80084,0.12175,0.042688,0.746,-0.666,-0.012,0.004
4.05,0.79959,0.12541,0.041322,0.746,-0.666,-0.012,0.004
4.1,0.79821,0.1291,0.040101,0.746,-0.666,-0.012,0.004
4.15,0.7967,0.1328,0.039026,0.746,-0.666,-0.012,0.004
4.2,0.79504,0.13653,0.038095,0.746,-0.666,-0.012,0.004
4.25,0.79326,0.14027,0.03731,0.746,-0.666,-0.012,0.004
4.3,0.79133,0.14404,0.036671,0.746,-0.666,-0.012,0.004
4.35,0.78927,0.14783,0.036176,0.746,-0.666,-0.012,0.004
4.4,0.78708,0.15164,0.035827,0.746,-0.666,-0.012,0.004
4.45,0.78475,0.15547,0.035623,0.746,-0.666,-0.012,0.004
4.5,0.78228,0.15932,0.035565,0.746,-0.666,-0.012,0.004
4.55,0.77968,0.16319,0.035652,0.746,-0.666,-0.012,0.004
4.6,0.77694,0.16708,0.035883,0.746,-0.666,-0.012,0.004
4.65,0.77407,0.171,0.036261,0.746,-0.666,-0.012,0.004
4.7,0.77106,0.17493,0.036783,0.746,-0.666,-0.012,0.004
4.75,0.76791,0.17889,0.037451,0.746,-0.666,-0.012,0.004
4.8,0.76463,0.18287,0.038264,0.746,-0.666,-0.012,0.004
4.85,0.76121,0.18686,0.039222,0.746,-0.666,-0.012,0.004
4.9,0.75766,0.19088,0.040325,0.746,-0.666,-0.012,0.004
4.95,0.75397,0.19492,0.041574,0.746,-0.666,-0.012,0.004
5,0.75015,0.19898,0.042968,0.746,-0.666,-0.012,0.004
