0.05,0.49727,0.50472,0.1371,0.746,-0.666,-0.012,0.004
0.1,0.49652,0.49924,0.13946,0.746,-0.666,-0.012,0.004
0.15,0.49589,0.49386,0.14165,0.746,-0.666,-0.012,0.004
0.2,0.49536,0.48859,0.14367,0.746,-0.666,-0.012,0.004
0.25,0.49494,0.48343,0.14552,0.746,-0.666,-0.012,0.004
0.3,0.49463,0.47841,0.14721,0.746,-0.666,-0.012,0.004
0.35,0.49442,0.47352,0.14871,0.746,-0.666,-0.012,0.004
0.4,0.49432,0.4688,0.15003,0.746,-0.666,-0.012,0.004
0.45,0.49433,0.46427,0.15116,0.746,-0.666,-0.012,0.004
0.5,0.49443,0.45998,0.15207,0.746,-0.666,-0.012,0.004
0.55,0.49463,0.45598,0.15277,0.746,-0.666,-0.012,0.004
0.6,0.49491,0.45236,0.1532,0.746,-0.666,-0.012,0.004
0.65,0.49527,0.44922,0.15335,0.746,-0.666,-0.012,0.004
0.7,0.49568,0.44666,0.15318,0.746,-0.666,-0.012,0.004
0.75,0.49611,0.44479,0.15266,0.746,-0.666,-0.012,0.004
0.8,0.49652,0.44359,0.1518,0.746,-0.666,-0.012,0.004
0.85,0.49684,0.44293,0.15065,0.746,-0.666,-0.012,0.004
0.9,0.49702,0.44254,0.14931,0.746,-0.666,-0.012,0.004
0.95,0.49705,0.44211,0.14788,0.746,-0.666,-0.012,0.004
1,0.49696,0.44146,0.14642,0.746,-0.666,-0.012,0.004
1.05,0.49681,0.44053,0.14492,0.746,-0.666,-0.012,0.004
1.1,0.49668,0.43939,0.14334,0.746,-0.666,-0.012,0.004
1.15,0.49662,0.43811,0.14162,0.746,-0.666,-0.012,0.004
1.2,0.49668,0.43678,0.13974,0.746,-0.666,-0.012,0.004
1.25,0.49687,0.43546,0.13766,0.746,-0.666,-0.012,0.004
1.3,0.49722,0.43418,0.13537,0.746,-0.666,-0.012,0.004
1.35,0.49773,0.43299,0.13283,0.746,-0.666,-0.012,0.004
1.4,0.4984,0.43191,0.13005,0.746,-0.666,-0.012,0.004
1.45,0.49924,0.43096,0.127,0.746,-0.666,-0.012,0.004
1.5,0.50024,0.43014,0.12368,0.746,-0.666,-0.012,0.004
1.55,0.5014,0.42949,0.12007,0.746,-0.666,-0.012,0.004
1.6,0.50274,0.429,0.11616,0.746,-0.666,-0.012,0.004
1.65,0.50427,0.42869,0.11193,0.746,-0.666,-0.012,0.004
1.7,0.506,0.42855,0.10739,0.746,-0.666,-0.012,0.004
1.75,0.50794,0.42859,0.10252,0.746,-0.666,-0.012,0.004
1.8,0.51013,0.4288,0.097359,0.746,-0.666,-0.012,0.004
1.85,0.51259,0.42912,0.091935,0.746,-0.666,-0.012,0.004
1.9,0.51533,0.42948,0.08633,0.746,-0.666,-0.012,0.004
1.95,0.51836,0.42974,0.080667,0.746,-0.666,-0.012,0.004
2,0.52166,0.42973,0.07508,0.746,-0.666,-0.012,0.004
2.05,0.5252,0.42928,0.069673,0.746,-0.666,-0.012,0.004
2.1,0.52897,0.42834,0.064468,0.746,-0.666,-0.012,0.004
2.15,0.53294,0.42696,0.059409,0.746,-0.666,-0.012,0.004
2.2,0.53713,0.42525,0.05439,0.746,-0.666,-0.012,0.004
2.25,0.54154,0.42336,0.049301,0.746,-0.666,-0.012,0.004
2.3,0.54618,0.42141,0.044059,0.746,-0.666,-0.012,0.004
2.35,0.55108,0.41948,0.038632,0.746,-0.666,-0.012,0.004
2.4,0.55625,0.41756,0.033059,0.746,-0.666,-0.012,0.004
2.45,0.56172,0.41559,0.02746,0.746,-0.666,-0.012,0.004
2.5,0.56746,0.4134,0.022028,0.746,-0.666,-0.012,0.004
2.55,0.57345,0.41081,0.016977,0.746,-0.666,-0.012,0.004
2.6,0.57961,0.40769,0.012462,0.746,-0.666,-0.012,0.004
2.65,0.58586,0.40404,0.0085247,0.746,-0.666,-0.012,0.004
2.7,0.59213,0.39997,0.005106,0.746,-0.666,-0.012,0.004
2.75,0.59835,0.39562,0.002101,0.746,-0.666,-0.012,0.004
2.8,0.60449,0.3911,-0.00058982,0.746,-0.666,-0.012,0.004
2.85,0.61051,0.38651,-0.0030388,0.746,-0.666,-0.012,0.004
2.9,0.61642,0.38189,-0.0052908,0.746,-0.666,-0.012,0.004
2.95,0.62219,0.37726,-0.0073709,0.746,-0.666,-0.012,0.004
3,0.62783,0.37264,-0.009292,0.746,-0.666,-0.012,0.004
3.05,0.63334,0.36804,-0.011061,0.746,-0.666,-0.012,0.004
3.1,0.63872,0.36345,-0.01268,0.746,-0.666,-0.012,0.004
3.15,0.64396,0.35888,-0.014152,0.746,-0.666,-0.012,0.004
3.2,0.64907,0.35434,-0.015478,0.746,-0.666,-0.012,0.004
3.25,0.65404,0.34981,-0.016657,0.746,-0.666,-0.012,0.004
3.3,0.65887,0.3453,-0.017691,0.746,-0.666,-0.012,0.004
3.35,0.66357,0.34082,-0.018579,0.746,-0.666,-0.012,0.004
3.4,0.66813,0.33636,-0.019322,0.746,-0.666,-0.012,0.004
3.45,0.67256,0.33191,-0.01992,0.746,-0.666,-0.012,0.004
3.5,0.67685,0.32749,-0.020372,0.746,-0.666,-0.012,0.004
3.55,0.68101,0.32309,-0.020678,0.746,-0.666,-0.012,0.004
3.6,0.68503,0.31871,-0.02084,0.746,-0.666,-0.012,0.004
3.65,0.68891,0.31435,-0.020856,0.746,-0.666,-0.012,0.004
3.7,0.69266,0.31001,-0.020727,0.746,-0.666,-0.012,0.004
3.75,0.69627,0.30569,-0.020453,0.746,-0.666,-0.012,0.004
3.8,0.69975,0.30139,-0.020033,0.746,-0.666,-0.012,0.004
3.85,0.70309,0.29712,-0.019468,0.746,-0.666,-0.012,0.004
3.9,0.7063,0.29286,-0.018758,0.746,-0.666,-0.012,0.004
3.95,0.70937,0.28863,-0.017903,0.746,-0.666,-0.012,0.004
4,0.7123,0.28442,-0.016902,0.746,-0.666,-0.012,0.004
4.05,0.7151,0.28023,-0.015756,0.746,-0.666,-0.012,0.004
4.1,0.71776,0.27606,-0.014465,0.746,-0.666,-0.012,0.004
4.15,0.72029,0.27191,-0.013029,0.746,-0.666,-0.012,0.004
4.2,0.72268,0.26778,-0.011447,0.746,-0.666,-0.012,0.004
4.25,0.72493,0.26367,-0.0097204,0.746,-0.666,-0.012,0.004
4.3,0.72705,0.25958,-0.0078483,0.746,-0.666,-0.012,0.004
4.35,0.72904,0.25552,-0.0058309,0.746,-0.666,-0.012,0.004
4.4,0.73089,0.25147,-0.0036682,0.746,-0.666,-0.012,0.004
4.45,0.7326,0.24745,-0.0013603,0.746,-0.666,-0.012,0.004
4.5,0.73417,0.24345,0.0010929,0.746,-0.666,-0.012,0.004
4.55,0.73561,0.23947,0.0036914,0.746,-0.666,-0.012,0.004
4.6,0.73692,0.2355,0.0064351,0.746,-0.666,-0.012,0.004
4.65,0.73809,0.23156,0.0093241,0.746,-0.666,-0.012,0.004
4.7,0.73912,0.22765,0.012358,0.746,-0.666,-0.012,0.004
4.75,0.74002,0.22375,0.015538,0.746,-0.666,-0.012,0.004
4.8,0.74078,0.21987,0.018863,0.746,-0.666,-0.012,0.004
4.85,0.7414,0.21602,0.022333,0.746,-0.666,-0.012,0.004
4.9,0.74189,0.21218,0.025948,0.746,-0.666,-0.012,0.004
4.95,0.74225,0.20837,0.029708,0.746,-0.666,-0.012,0.004
5,0.74247,0.20457,0.033614,0.746,-0.666,-0.012,0.004
