0.05,0.50227,-0.093036,0.33282,0.949,-0.314,-0.027,-0.013
0.1,0.51196,-0.09602,0.3349,0.949,-0.314,-0.027,-0.013
0.15,0.52161,-0.098971,0.33692,0.949,-0.314,-0.027,-0.013
0.2,0.53119,-0.10184,0.33885,0.949,-0.314,-0.027,-0.013
0.25,0.54065,-0.10459,0.34063,0.949,-0.314,-0.027,-0.013
0.3,0.54997,-0.10718,0.34219,0.949,-0.314,-0.027,-0.013
0.35,0.55911,-0.10955,0.34345,0.949,-0.314,-0.027,-0.013
0.4,0.56806,-0.11165,0.34431,0.949,-0.314,-0.027,-0.013
0.45,0.57679,-0.11336,0.34468,0.949,-0.314,-0.027,-0.013
0.5,0.58525,-0.1144,0.34444,0.949,-0.314,-0.027,-0.013
0.55,0.59336,-0.11439,0.34343,0.949,-0.314,-0.027,-0.013
0.6,0.60111,-0.1132,0.34157,0.949,-0.314,-0.027,-0.013
0.65,0.60869,-0.11139,0.33883,0.949,-0.314,-0.027,-0.013
0.7,0.61637,-0.10987,0.33531,0.949,-0.314,-0.027,-0.013
0.75,0.62432,-0.10922,0.3311,0.949,-0.314,-0.027,-0.013
0.8,0.63246,-0.10939,0.32621,0.949,-0.314,-0.027,-0.013
0.85,0.64064,-0.11001,0.32065,0.949,-0.314,-0.027,-0.013
0.9,0.64875,-0.1108,0.31442,0.949,-0.314,-0.027,-0.013
0.95,0.65671,-0.11163,0.30753,0.949,-0.314,-0.027,-0.013
1,0.66448,-0.11247,0.3,0.949,-0.314,-0.027,-0.013
1.05,0.67202,-0.11327,0.29185,0.949,-0.314,-0.027,-0.013
1.1,0.6793,-0.11404,0.28313,0.949,-0.314,-0.027,-0.013
1.15,0.68627,-0.11475,0.27389,0.949,-0.314,-0.027,-0.013
1.2,0.69291,-0.11539,0.26422,0.949,-0.314,-0.027,-0.013
1.25,0.6992,-0.11596,0.25422,0.949,-0.314,-0.027,-0.013
1.3,0.70512,-0.11646,0.244,0.949,-0.314,-0.027,-0.013
1.35,0.71069,-0.11689,0.23369,0.949,-0.314,-0.027,-0.013
1.4,0.71589,-0.11727,0.22341,0.949,-0.314,-0.027,-0.013
1.45,0.72073,-0.1176,0.21326,0.949,-0.314,-0.027,-0.013
1.5,0.72519,-0.11788,0.20334,0.949,-0.314,-0.027,-0.013
1.55,0.72927,-0.11811,0.19374,0.949,-0.314,-0.027,-0.013
1.6,0.73296,-0.1183,0.18452,0.949,-0.314,-0.027,-0.013
1.65,0.73624,-0.11845,0.17573,0.949,-0.314,-0.027,-0.013
1.7,0.7391,-0.11855,0.16742,0.949,-0.314,-0.027,-0.013
1.75,0.74155,-0.11862,0.15961,0.949,-0.314,-0.027,-0.013
1.8,0.74358,-0.11864,0.1523,0.949,-0.314,-0.027,-0.013
1.85,0.74521,-0.11863,0.14547,0.949,-0.314,-0.027,-0.013
1.9,0.74646,-0.11858,0.13908,0.949,-0.314,-0.027,-0.013
1.95,0.74736,-0.1185,0.13307,0.949,-0.314,-0.027,-0.013
2,0.74797,-0.11839,0.12737,0.949,-0.314,-0.027,-0.013
2.05,0.74834,-0.11825,0.12191,0.949,-0.314,-0.027,-0.013
2.1,0.74851,-0.11808,0.11662,0.949,-0.314,-0.027,-0.013
2.15,0.74855,-0.11789,0.11144,0.949,-0.314,-0.027,-0.013
2.2,0.74849,-0.11766,0.10632,0.949,-0.314,-0.027,-0.013
2.25,0.74838,-0.1174,0.10123,0.949,-0.314,-0.027,-0.013
2.3,0.74825,-0.1171,0.096145,0.949,-0.314,-0.027,-0.013
2.35,0.74812,-0.11676,0.091077,0.949,-0.314,-0.027,-0.013
2.4,0.74801,-0.11639,0.086047,0.949,-0.314,-0.027,-0.013
2.45,0.74794,-0.116,0.081102,0.949,-0.314,-0.027,-0.013
2.5,0.74791,-0.11558,0.07631,0.949,-0.314,-0.027,-0.013
2.55,0.74793,-0.11515,0.071766,0.949,-0.314,-0.027,-0.013
2.6,0.74799,-0.11474,0.067587,0.949,-0.314,-0.027,-0.013
2.65,0.7481,-0.11437,0.063913,0.949,-0.314,-0.027,-0.013
2.7,0.74825,-0.11407,0.060901,0.949,-0.314,-0.027,-0.013
2.75,0.74843,-0.11388,0.058716,0.949,-0.314,-0.027,-0.013
2.8,0.74864,-0.11385,0.057515,0.949,-0.314,-0.027,-0.013
2.85,0.74887,-0.11401,0.057423,0.949,-0.314,-0.027,-0.013
2.9,0.74912,-0.11442,0.058507,0.949,-0.314,-0.027,-0.013
2.95,0.74939,-0.11509,0.060757,0.949,-0.314,-0.027,-0.013
3,0.74968,-0.11603,0.064103,0.949,-0.314,-0.027,-0.013
3.05,0.74997,-0.11722,0.068433,0.949,-0.314,-0.027,-0.013
3.1,0.75028,-0.11865,0.073613,0.949,-0.314,-0.027,-0.013
3.15,0.75059,-0.1203,0.079502,0.949,-0.314,-0.027,-0.013
3.2,0.75091,-0.12214,0.085957,0.949,-0.314,-0.027,-0.013
3.25,0.75123,-0.12416,0.092834,0.949,-0.314,-0.027,-0.013
3.3,0.75154,-0.12633,0.099996,0.949,-0.314,-0.027,-0.013
3.35,0.75185,-0.12864,0.1073,0.949,-0.314,-0.027,-0.013
3.4,0.75214,-0.13108,0.11462,0.949,-0.314,-0.027,-0.013
3.45,0.75243,-0.13364,0.1218,0.949,-0.314,-0.027,-0.013
3.5,0.75271,-0.13631,0.1287,0.949,-0.314,-0.027,-0.013
3.55,0.75297,-0.13907,0.13519,0.949,-0.314,-0.027,-0.013
3.6,0.75323,-0.14191,0.14111,0.949,-0.314,-0.027,-0.013
3.65,0.75348,-0.14481,0.14635,0.949,-0.314,-0.027,-0.013
3.7,0.75373,-0.14774,0.15077,0.949,-0.314,-0.027,-0.013
3.75,0.75399,-0.15066,0.15427,0.949,-0.314,-0.027,-0.013
3.8,0.75425,-0.15355,0.15679,0.949,-0.314,-0.027,-0.013
3.85,0.75453,-0.15637,0.15828,0.949,-0.314,-0.027,-0.013
3.9,0.75482,-0.15908,0.15874,0.949,-0.314,-0.027,-0.013
3.95,0.75512,-0.16168,0.1582,0.949,-0.314,-0.027,-0.013
4,0.75544,-0.16413,0.15672,0.949,-0.314,-0.027,-0.013
4.05,0.75577,-0.16642,0.15436,0.949,-0.314,-0.027,-0.013
4.1,0.75611,-0.16853,0.15124,0.949,-0.314,-0.027,-0.013
4.15,0.75644,-0.17045,0.14745,0.949,-0.314,-0.027,-0.013
4.2,0.75675,-0.17218,0.14309,0.949,-0.314,-0.027,-0.013
4.25,0.75705,-0.17372,0.13829,0.949,-0.314,-0.027,-0.013
4.3,0.75732,-0.17506,0.13314,0.949,-0.314,-0.027,-0.013
4.35,0.75756,-0.17624,0.12774,0.949,-0.314,-0.027,-0.013
4.4,0.75776,-0.17726,0.12217,0.949,-0.314,-0.027,-0.013
4.45,0.75792,-0.17815,0.11649,0.949,-0.314,-0.027,-0.013
4.5,0.75804,-0.17893,0.11076,0.949,-0.314,-0.027,-0.013
4.55,0.75812,-0.17961,0.105,0.949,-0.314,-0.027,-0.013
4.6,0.75815,-0.18022,0.099238,0.949,-0.314,-0.027,-0.013
4.65,0.75814,-0.18077,0.093488,0.949,-0.314,-0.027,-0.013
4.7,0.75808,-0.18127,0.087762,0.949,-0.314,-0.027,-0.013
4.75,0.75798,-0.18172,0.082067,0.949,-0.314,-0.027,-0.013
4.8,0.75785,-0.18215,0.076415,0.949,-0.314,-0.027,-0.013
4.85,0.75768,-0.18254,0.070821,0.949,-0.314,-0.027,-0.013
4.9,0.75748,-0.1829,0.065313,0.949,-0.314,-0.027,-0.013
4.95,0.75727,-0.18323,0.059924,0.949,-0.314,-0.027,-0.013
5,0.75707,-0.18354,0.054704,0.949,-0.314,-0.027,-0.013
