0.05,0.85571,0.15708,0.36556,0.949,-0.314,-0.027,-0.013
0.1,0.84728,0.14398,0.36869,0.949,-0.314,-0.027,-0.013
0.15,0.83894,0.13092,0.3717,0.949,-0.314,-0.027,-0.013
0.2,0.83079,0.11796,0.37451,0.949,-0.314,-0.027,-0.013
0.25,0.8229,0.10518,0.377,0.949,-0.314,-0.027,-0.013
0.3,0.81535,0.092615,0.37909,0.949,-0.314,-0.027,-0.013
0.35,0.80819,0.080331,0.38064,0.949,-0.314,-0.027,-0.013
0.4,0.80146,0.068388,0.38158,0.949,-0.314,-0.027,-0.013
0.45,0.79512,0.056901,0.38179,0.949,-0.314,-0.027,-0.013
0.5,0.78903,0.046128,0.38117,0.949,-0.314,-0.027,-0.013
0.55,0.78299,0.036435,0.37959,0.949,-0.314,-0.027,-0.013
0.6,0.77694,0.027939,0.37698,0.949,-0.314,-0.027,-0.013
0.65,0.77104,0.020111,0.37333,0.949,-0.314,-0.027,-0.013
0.7,0.76563,0.012075,0.36872,0.949,-0.314,-0.027,-0.013
0.75,0.7609,0.0033054,0.36322,0.949,-0.314,-0.027,-0.013
0.8,0.75688,-0.006084,0.35688,0.949,-0.314,-0.027,-0.013
0.85,0.75346,-0.01567,0.34972,0.949,-0.314,-0.027,-0.013
0.9,0.75056,-0.025111,0.34176,0.949,-0.314,-0.027,-0.013
0.95,0.74817,-0.034228,0.33305,0.949,-0.314,-0.027,-0.013
1,0.74626,-0.042929,0.32364,0.949,-0.314,-0.027,-0.013
1.05,0.74484,-0.051146,0.3136,0.949,-0.314,-0.027,-0.013
1.1,0.74389,-0.058824,0.30299,0.949,-0.314,-0.027,-0.013
1.15,0.74337,-0.065918,0.29191,0.949,-0.314,-0.027,-0.013
1.2,0.74324,-0.072399,0.28047,0.949,-0.314,-0.027,-0.013
1.25,0.74344,-0.078259,0.26877,0.949,-0.314,-0.027,-0.013
1.3,0.74391,-0.083515,0.25695,0.949,-0.314,-0.027,-0.013
1.35,0.74456,-0.088208,0.24514,0.949,-0.314,-0.027,-0.013
1.4,0.74533,-0.092398,0.23345,0.949,-0.314,-0.027,-0.013
1.45,0.74616,-0.09615,0.22199,0.949,-0.314,-0.027,-0.013
1.5,0.74698,-0.099519,0.21085,0.949,-0.314,-0.027,-0.013
1.55,0.74774,-0.10255,0.20011,0.949,-0.314,-0.027,-0.013
1.6,0.74841,-0.10527,0.18985,0.949,-0.314,-0.027,-0.013
1.65,0.74896,-0.10771,0.18011,0.949,-0.314,-0.027,-0.013
1.7,0.74938,-0.10988,0.17094,0.949,-0.314,-0.027,-0.013
1.75,0.74964,-0.11178,0.16236,0.949,-0.314,-0.027,-0.013
1.8,0.74976,-0.11342,0.15438,0.949,-0.314,-0.027,-0.013
1.85,0.74974,-0.11479,0.14697,0.949,-0.314,-0.027,-0.013
1.9,0.7496,-0.11591,0.1401,0.949,-0.314,-0.027,-0.013
1.95,0.74938,-0.11679,0.1337,0.949,-0.314,-0.027,-0.013
2,0.7491,-0.11742,0.12769,0.949,-0.314,-0.027,-0.013
2.05,0.74879,-0.11784,0.122,0.949,-0.314,-0.027,-0.013
2.1,0.74847,-0.11807,0.11655,0.949,-0.314,-0.027,-0.013
2.15,0.74817,-0.11814,0.11126,0.949,-0.314,-0.027,-0.013
2.2,0.74791,-0.11807,0.10608,0.949,-0.314,-0.027,-0.013
2.25,0.74768,-0.11788,0.10095,0.949,-0.314,-0.027,-0.013
2.3,0.74751,-0.1176,0.095867,0.949,-0.314,-0.027,-0.013
2.35,0.7474,-0.11724,0.090811,0.949,-0.314,-0.027,-0.013
2.4,0.74734,-0.11682,0.085804,0.949,-0.314,-0.027,-0.013
2.45,0.74734,-0.11636,0.080888,0.949,-0.314,-0.027,-0.013
2.5,0.74739,-0.11588,0.076128,0.949,-0.314,-0.027,-0.013
2.55,0.74749,-0.11539,0.071616,0.949,-0.314,-0.027,-0.013
2.6,0.74764,-0.11492,0.067468,0.949,-0.314,-0.027,-0.013
2.65,0.74782,-0.1145,0.063821,0.949,-0.314,-0.027,-0.013
2.7,0.74803,-0.11415,0.060833,0.949,-0.314,-0.027,-0.013
2.75,0.74827,-0.11393,0.058668,0.949,-0.314,-0.027,-0.013
2.8,0.74853,-0.11387,0.057484,0.949,-0.314,-0.027,-0.013
2.85,0.7488,-0.11402,0.057405,0.949,-0.314,-0.027,-0.013
2.9,0.74908,-0.11441,0.058498,0.949,-0.314,-0.027,-0.013
2.95,0.74937,-0.11508,0.060756,0.949,-0.314,-0.027,-0.013
3,0.74967,-0.11601,0.064107,0.949,-0.314,-0.027,-0.013
3.05,0.74997,-0.1172,0.06844,0.949,-0.314,-0.027,-0.013
3.1,0.75029,-0.11863,0.073623,0.949,-0.314,-0.027,-0.013
3.15,0.7506,-0.12028,0.079514,0.949,-0.314,-0.027,-0.013
3.2,0.75092,-0.12212,0.085969,0.949,-0.314,-0.027,-0.013
3.25,0.75123,-0.12414,0.092847,0.949,-0.314,-0.027,-0.013
3.3,0.75155,-0.12631,0.10001,0.949,-0.314,-0.027,-0.013
3.35,0.75185,-0.12863,0.10731,0.949,-0.314,-0.027,-0.013
3.4,0.75214,-0.13107,0.11463,0.949,-0.314,-0.027,-0.013
3.45,0.75242,-0.13363,0.12181,0.949,-0.314,-0.027,-0.013
3.5,0.75269,-0.1363,0.12871,0.949,-0.314,-0.027,-0.013
3.55,0.75295,-0.13907,0.1352,0.949,-0.314,-0.027,-0.013
3.6,0.7532,-0.14192,0.14112,0.949,-0.314,-0.027,-0.013
3.65,0.75344,-0.14482,0.14636,0.949,-0.314,-0.027,-0.013
3.7,0.75368,-0.14776,0.15078,0.949,-0.314,-0.027,-0.013
3.75,0.75393,-0.15069,0.15428,0.949,-0.314,-0.027,-0.013
3.8,0.75418,-0.15359,0.1568,0.949,-0.314,-0.027,-0.013
3.85,0.75445,-0.15642,0.15829,0.949,-0.314,-0.027,-0.013
3.9,0.75473,-0.15915,0.15874,0.949,-0.314,-0.027,-0.013
3.95,0.75503,-0.16176,0.1582,0.949,-0.314,-0.027,-0.013
4,0.75535,-0.16423,0.15671,0.949,-0.314,-0.027,-0.013
4.05,0.75568,-0.16653,0.15435,0.949,-0.314,-0.027,-0.013
4.1,0.75602,-0.16865,0.15122,0.949,-0.314,-0.027,-0.013
4.15,0.75637,-0.17057,0.14742,0.949,-0.314,-0.027,-0.013
4.2,0.75672,-0.1723,0.14306,0.949,-0.314,-0.027,-0.013
4.25,0.75707,-0.17381,0.13825,0.949,-0.314,-0.027,-0.013
4.3,0.75742,-0.17512,0.13309,0.949,-0.314,-0.027,-0.013
4.35,0.75776,-0.17624,0.12768,0.949,-0.314,-0.027,-0.013
4.4,0.7581,-0.17718,0.12211,0.949,-0.314,-0.027,-0.013
4.45,0.75844,-0.17794,0.11643,0.949,-0.314,-0.027,-0.013
4.5,0.75879,-0.17854,0.11071,0.949,-0.314,-0.027,-0.013
4.55,0.75916,-0.17899,0.10497,0.949,-0.314,-0.027,-0.013
4.6,0.75954,-0.1793,0.099239,0.949,-0.314,-0.027,-0.013
4.65,0.75995,-0.17946,0.093544,0.949,-0.314,-0.027,-0.013
4.7,0.76039,-0.17948,0.087895,0.949,-0.314,-0.027,-0.013
4.75,0.76087,-0.17936,0.082306,0.949,-0.314,-0.027,-0.013
4.8,0.76139,-0.1791,0.076791,0.949,-0.314,-0.027,-0.013
4.85,0.76195,-0.1787,0.071369,0.949,-0.314,-0.027,-0.013
4.9,0.76255,-0.17817,0.066064,0.949,-0.314,-0.027,-0.013
4.95,0.76319,-0.17753,0.060907,0.949,-0.314,-0.027,-0.013
5,0.76387,-0.17682,0.055936,0.949,-0.314,-0.027,-0.013
