0.05,0.53644,0.14973,0.30624,0.949,-0.314,-0.027,-0.013
0.1,0.54467,0.13596,0.31031,0.949,-0.314,-0.027,-0.013
0.15,0.55286,0.12226,0.31429,0.949,-0.314,-0.027,-0.013
0.2,0.56099,0.10871,0.31813,0.949,-0.314,-0.027,-0.013
0.25,0.569,0.095414,0.32173,0.949,-0.314,-0.027,-0.013
0.3,0.57687,0.082439,0.32501,0.949,-0.314,-0.027,-0.013
0.35,0.58458,0.069861,0.32788,0.949,-0.314,-0.027,-0.013
0.4,0.5921,0.057754,0.33022,0.949,-0.314,-0.027,-0.013
0.45,0.59939,0.046237,0.33193,0.949,-0.314,-0.027,-0.013
0.5,0.60642,0.035554,0.33291,0.949,-0.314,-0.027,-0.013
0.55,0.61309,0.026047,0.33305,0.949,-0.314,-0.027,-0.013
0.6,0.61941,0.017807,0.33226,0.949,-0.314,-0.027,-0.013
0.65,0.62558,0.010294,0.33055,0.949,-0.314,-0.027,-0.013
0.7,0.63188,0.0026244,0.328,0.949,-0.314,-0.027,-0.013
0.75,0.63848,-0.0057369,0.32468,0.949,-0.314,-0.027,-0.013
0.8,0.64532,-0.014684,0.32064,0.949,-0.314,-0.027,-0.013
0.85,0.65227,-0.023804,0.31588,0.949,-0.314,-0.027,-0.013
0.9,0.6592,-0.032767,0.31038,0.949,-0.314,-0.027,-0.013
0.95,0.66606,-0.041401,0.30416,0.949,-0.314,-0.027,-0.013
1,0.67281,-0.049619,0.29724,0.949,-0.314,-0.027,-0.013
1.05,0.67941,-0.057357,0.28964,0.949,-0.314,-0.027,-0.013
1.1,0.68582,-0.064564,0.28141,0.949,-0.314,-0.027,-0.013
1.15,0.69201,-0.071198,0.2726,0.949,-0.314,-0.027,-0.013
1.2,0.69795,-0.077236,0.26328,0.949,-0.314,-0.027,-0.013
1.25,0.70361,-0.082679,0.25358,0.949,-0.314,-0.027,-0.013
1.3,0.70899,-0.087551,0.24361,0.949,-0.314,-0.027,-0.013
1.35,0.71408,-0.091898,0.23352,0.949,-0.314,-0.027,-0.013
1.4,0.71887,-0.095777,0.22341,0.949,-0.314,-0.027,-0.013
1.45,0.72335,-0.099242,0.2134,0.949,-0.314,-0.027,-0.013
1.5,0.72749,-0.10234,0.20359,0.949,-0.314,-0.027,-0.013
1.55,0.73129,-0.10511,0.19407,0.949,-0.314,-0.027,-0.013
1.6,0.73471,-0.10758,0.18489,0.949,-0.314,-0.027,-0.013
1.65,0.73774,-0.10976,0.17613,0.949,-0.314,-0.027,-0.013
1.7,0.74038,-0.11167,0.16783,0.949,-0.314,-0.027,-0.013
1.75,0.74262,-0.11333,0.16001,0.949,-0.314,-0.027,-0.013
1.8,0.74446,-0.11472,0.15268,0.949,-0.314,-0.027,-0.013
1.85,0.74592,-0.11587,0.14582,0.949,-0.314,-0.027,-0.013
1.9,0.74702,-0.11678,0.13939,0.949,-0.314,-0.027,-0.013
1.95,0.74779,-0.11746,0.13334,0.949,-0.314,-0.027,-0.013
2,0.7483,-0.11794,0.12759,0.949,-0.314,-0.027,-0.013
2.05,0.74858,-0.11823,0.12209,0.949,-0.314,-0.027,-0.013
2.1,0.74869,-0.11835,0.11676,0.949,-0.314,-0.027,-0.013
2.15,0.74868,-0.11834,0.11155,0.949,-0.314,-0.027,-0.013
2.2,0.74858,-0.11821,0.1064,0.949,-0.314,-0.027,-0.013
2.25,0.74845,-0.11798,0.10128,0.949,-0.314,-0.027,-0.013
2.3,0.7483,-0.11767,0.096181,0.949,-0.314,-0.027,-0.013
2.35,0.74816,-0.11729,0.091097,0.949,-0.314,-0.027,-0.013
2.4,0.74805,-0.11687,0.086055,0.949,-0.314,-0.027,-0.013
2.45,0.74798,-0.1164,0.081102,0.949,-0.314,-0.027,-0.013
2.5,0.74794,-0.11591,0.076304,0.949,-0.314,-0.027,-0.013
2.55,0.74796,-0.11542,0.071757,0.949,-0.314,-0.027,-0.013
2.6,0.74802,-0.11495,0.067576,0.949,-0.314,-0.027,-0.013
2.65,0.74813,-0.11453,0.063902,0.949,-0.314,-0.027,-0.013
2.7,0.74827,-0.11418,0.06089,0.949,-0.314,-0.027,-0.013
2.75,0.74845,-0.11396,0.058706,0.949,-0.314,-0.027,-0.013
2.8,0.74865,-0.11389,0.057507,0.949,-0.314,-0.027,-0.013
2.85,0.74888,-0.11404,0.057416,0.949,-0.314,-0.027,-0.013
2.9,0.74913,-0.11443,0.058501,0.949,-0.314,-0.027,-0.013
2.95,0.7494,-0.11509,0.060752,0.949,-0.314,-0.027,-0.013
3,0.74968,-0.11602,0.064099,0.949,-0.314,-0.027,-0.013
3.05,0.74997,-0.11721,0.06843,0.949,-0.314,-0.027,-0.013
3.1,0.75028,-0.11864,0.073612,0.949,-0.314,-0.027,-0.013
3.15,0.75059,-0.12028,0.079502,0.949,-0.314,-0.027,-0.013
3.2,0.75091,-0.12213,0.085957,0.949,-0.314,-0.027,-0.013
3.25,0.75122,-0.12414,0.092836,0.949,-0.314,-0.027,-0.013
3.3,0.75153,-0.12632,0.099998,0.949,-0.314,-0.027,-0.013
3.35,0.75184,-0.12863,0.10731,0.949,-0.314,-0.027,-0.013
3.4,0.75214,-0.13107,0.11462,0.949,-0.314,-0.027,-0.013
3.45,0.75242,-0.13363,0.1218,0.949,-0.314,-0.027,-0.013
3.5,0.7527,-0.1363,0.12871,0.949,-0.314,-0.027,-0.013
3.55,0.75296,-0.13907,0.13519,0.949,-0.314,-0.027,-0.013
3.6,0.75321,-0.14191,0.14112,0.949,-0.314,-0.027,-0.013
3.65,0.75346,-0.14481,0.14635,0.949,-0.314,-0.027,-0.013
3.7,0.75371,-0.14775,0.15077,0.949,-0.314,-0.027,-0.013
3.75,0.75396,-0.15068,0.15428,0.949,-0.314,-0.027,-0.013
3.8,0.75422,-0.15357,0.1568,0.949,-0.314,-0.027,-0.013
3.85,0.7545,-0.1564,0.15829,0.949,-0.314,-0.027,-0.013
3.9,0.75478,-0.15912,0.15875,0.949,-0.314,-0.027,-0.013
3.95,0.75508,-0.16173,0.1582,0.949,-0.314,-0.027,-0.013
4,0.7554,-0.16419,0.15672,0.949,-0.314,-0.027,-0.013
4.05,0.75574,-0.16648,0.15436,0.949,-0.314,-0.027,-0.013
4.1,0.75608,-0.1686,0.15123,0.949,-0.314,-0.027,-0.013
4.15,0.75641,-0.17053,0.14744,0.949,-0.314,-0.027,-0.013
4.2,0.75675,-0.17225,0.14308,0.949,-0.314,-0.027,-0.013
4.25,0.75707,-0.17378,0.13827,0.949,-0.314,-0.027,-0.013
4.3,0.75737,-0.17511,0.13311,0.949,-0.314,-0.027,-0.013
4.35,0.75765,-0.17626,0.1277,0.949,-0.314,-0.027,-0.013
4.4,0.75791,-0.17723,0.12213,0.949,-0.314,-0.027,-0.013
4.45,0.75815,-0.17805,0.11644,0.949,-0.314,-0.027,-0.013
4.5,0.75837,-0.17873,0.11071,0.949,-0.314,-0.027,-0.013
4.55,0.75856,-0.17928,0.10495,0.949,-0.314,-0.027,-0.013
4.6,0.75874,-0.17972,0.099197,0.949,-0.314,-0.027,-0.013
4.65,0.7589,-0.18005,0.093466,0.949,-0.314,-0.027,-0.013
4.7,0.75905,-0.18027,0.087769,0.949,-0.314,-0.027,-0.013
4.75,0.75918,-0.18039,0.082119,0.949,-0.314,-0.027,-0.013
4.8,0.7593,-0.18042,0.076527,0.949,-0.314,-0.027,-0.013
4.85,0.75942,-0.18035,0.071013,0.949,-0.314,-0.027,-0.013
4.9,0.75954,-0.1802,0.0656,0.949,-0.314,-0.027,-0.013
4.95,0.75966,-0.17996,0.060323,0.949,-0.314,-0.027,-0.013
5,0.75981,-0.17968,0.055224,0.949,-0.314,-0.027,-0.013
