0.05,0.52739,-0.1132,0.47338,0.949,-0.314,-0.027,-0.013
0.1,0.53747,-0.11543,0.46574,0.949,-0.314,-0.027,-0.013
0.15,0.54749,-0.11764,0.45815,0.949,-0.314,-0.027,-0.013
0.2,0.55738,-0.11976,0.45071,0.949,-0.314,-0.027,-0.013
0.25,0.56706,-0.12178,0.44347,0.949,-0.314,-0.027,-0.013
0.3,0.5765,-0.12363,0.43644,0.949,-0.314,-0.027,-0.013
0.35,0.58565,-0.12529,0.42962,0.949,-0.314,-0.027,-0.013
0.4,0.59449,-0.1267,0.42293,0.949,-0.314,-0.027,-0.013
0.45,0.603,-0.12773,0.41627,0.949,-0.314,-0.027,-0.013
0.5,0.61114,-0.12811,0.40943,0.949,-0.314,-0.027,-0.013
0.55,0.61882,-0.12744,0.40219,0.949,-0.314,-0.027,-0.013
0.6,0.62605,-0.1256,0.39436,0.949,-0.314,-0.027,-0.013
0.65,0.63302,-0.12314,0.38594,0.949,-0.314,-0.027,-0.013
0.7,0.63999,-0.12095,0.37703,0.949,-0.314,-0.027,-0.013
0.75,0.64711,-0.11963,0.36774,0.949,-0.314,-0.027,-0.013
0.8,0.65431,-0.11911,0.35814,0.949,-0.314,-0.027,-0.013
0.85,0.66145,-0.11903,0.34825,0.949,-0.314,-0.027,-0.013
0.9,0.66843,-0.11912,0.33807,0.949,-0.314,-0.027,-0.013
0.95,0.67519,-0.11926,0.32761,0.949,-0.314,-0.027,-0.013
1,0.68172,-0.1194,0.31689,0.949,-0.314,-0.027,-0.013
1.05,0.688,-0.11954,0.30594,0.949,-0.314,-0.027,-0.013
1.1,0.69401,-0.11965,0.29479,0.949,-0.314,-0.027,-0.013
1.15,0.69973,-0.11975,0.28348,0.949,-0.314,-0.027,-0.013
1.2,0.70515,-0.11981,0.27206,0.949,-0.314,-0.027,-0.013
1.25,0.71026,-0.11984,0.2606,0.949,-0.314,-0.027,-0.013
1.3,0.71506,-0.11985,0.24917,0.949,-0.314,-0.027,-0.013
1.35,0.71955,-0.11982,0.23785,0.949,-0.314,-0.027,-0.013
1.4,0.72373,-0.11978,0.22674,0.949,-0.314,-0.027,-0.013
1.45,0.7276,-0.11972,0.2159,0.949,-0.314,-0.027,-0.013
1.5,0.73114,-0.11964,0.20541,0.949,-0.314,-0.027,-0.013
1.55,0.73437,-0.11956,0.19534,0.949,-0.314,-0.027,-0.013
1.6,0.73725,-0.11946,0.18572,0.949,-0.314,-0.027,-0.013
1.65,0.7398,-0.11936,0.17661,0.949,-0.314,-0.027,-0.013
1.7,0.74199,-0.11924,0.16803,0.949,-0.314,-0.027,-0.013
1.75,0.74384,-0.11912,0.16,0.949,-0.314,-0.027,-0.013
1.8,0.74534,-0.11898,0.15252,0.949,-0.314,-0.027,-0.013
1.85,0.7465,-0.11884,0.14556,0.949,-0.314,-0.027,-0.013
1.9,0.74736,-0.11869,0.13907,0.949,-0.314,-0.027,-0.013
1.95,0.74795,-0.11853,0.13299,0.949,-0.314,-0.027,-0.013
2,0.74831,-0.11836,0.12725,0.949,-0.314,-0.027,-0.013
2.05,0.74847,-0.11819,0.12176,0.949,-0.314,-0.027,-0.013
2.1,0.7485,-0.11799,0.11647,0.949,-0.314,-0.027,-0.013
2.15,0.74844,-0.11778,0.11129,0.949,-0.314,-0.027,-0.013
2.2,0.74831,-0.11755,0.10618,0.949,-0.314,-0.027,-0.013
2.25,0.74817,-0.11729,0.1011,0.949,-0.314,-0.027,-0.013
2.3,0.74802,-0.11699,0.096034,0.949,-0.314,-0.027,-0.013
2.35,0.74789,-0.11667,0.090983,0.949,-0.314,-0.027,-0.013
2.4,0.7478,-0.11631,0.08597,0.949,-0.314,-0.027,-0.013
2.45,0.74774,-0.11592,0.08104,0.949,-0.314,-0.027,-0.013
2.5,0.74774,-0.11551,0.076262,0.949,-0.314,-0.027,-0.013
2.55,0.74778,-0.1151,0.07173,0.949,-0.314,-0.027,-0.013
2.6,0.74787,-0.1147,0.067562,0.949,-0.314,-0.027,-0.013
2.65,0.748,-0.11433,0.063896,0.949,-0.314,-0.027,-0.013
2.7,0.74817,-0.11404,0.060891,0.949,-0.314,-0.027,-0.013
2.75,0.74837,-0.11386,0.058711,0.949,-0.314,-0.027,-0.013
2.8,0.74859,-0.11383,0.057513,0.949,-0.314,-0.027,-0.013
2.85,0.74884,-0.114,0.057424,0.949,-0.314,-0.027,-0.013
2.9,0.7491,-0.11441,0.058509,0.949,-0.314,-0.027,-0.013
2.95,0.74938,-0.11508,0.060761,0.949,-0.314,-0.027,-0.013
3,0.74967,-0.11602,0.064108,0.949,-0.314,-0.027,-0.013
3.05,0.74997,-0.11722,0.068438,0.949,-0.314,-0.027,-0.013
3.1,0.75028,-0.11865,0.073619,0.949,-0.314,-0.027,-0.013
3.15,0.75059,-0.1203,0.079508,0.949,-0.314,-0.027,-0.013
3.2,0.75091,-0.12214,0.085963,0.949,-0.314,-0.027,-0.013
3.25,0.75123,-0.12416,0.092841,0.949,-0.314,-0.027,-0.013
3.3,0.75154,-0.12633,0.1,0.949,-0.314,-0.027,-0.013
3.35,0.75184,-0.12864,0.10731,0.949,-0.314,-0.027,-0.013
3.4,0.75214,-0.13108,0.11462,0.949,-0.314,-0.027,-0.013
3.45,0.75242,-0.13364,0.1218,0.949,-0.314,-0.027,-0.013
3.5,0.75269,-0.13631,0.12871,0.949,-0.314,-0.027,-0.013
3.55,0.75295,-0.13907,0.13519,0.949,-0.314,-0.027,-0.013
3.6,0.7532,-0.14192,0.14112,0.949,-0.314,-0.027,-0.013
3.65,0.75345,-0.14482,0.14636,0.949,-0.314,-0.027,-0.013
3.7,0.75369,-0.14776,0.15078,0.949,-0.314,-0.027,-0.013
3.75,0.75394,-0.15069,0.15428,0.949,-0.314,-0.027,-0.013
3.8,0.7542,-0.15359,0.1568,0.949,-0.314,-0.027,-0.013
3.85,0.75447,-0.15642,0.15829,0.949,-0.314,-0.027,-0.013
3.9,0.75475,-0.15915,0.15874,0.949,-0.314,-0.027,-0.013
3.95,0.75505,-0.16175,0.1582,0.949,-0.314,-0.027,-0.013
4,0.75537,-0.16422,0.15671,0.949,-0.314,-0.027,-0.013
4.05,0.7557,-0.16652,0.15435,0.949,-0.314,-0.027,-0.013
4.1,0.75605,-0.16864,0.15122,0.949,-0.314,-0.027,-0.013
4.15,0.75639,-0.17057,0.14742,0.949,-0.314,-0.027,-0.013
4.2,0.75674,-0.17229,0.14306,0.949,-0.314,-0.027,-0.013
4.25,0.75707,-0.17381,0.13824,0.949,-0.314,-0.027,-0.013
4.3,0.7574,-0.17513,0.13308,0.949,-0.314,-0.027,-0.013
4.35,0.75772,-0.17626,0.12768,0.949,-0.314,-0.027,-0.013
4.4,0.75803,-0.17721,0.1221,0.949,-0.314,-0.027,-0.013
4.45,0.75833,-0.17799,0.11642,0.949,-0.314,-0.027,-0.013
4.5,0.75862,-0.17861,0.1107,0.949,-0.314,-0.027,-0.013
4.55,0.75892,-0.17909,0.10495,0.949,-0.314,-0.027,-0.013
4.6,0.75921,-0.17942,0.099227,0.949,-0.314,-0.027,-0.013
4.65,0.75952,-0.17963,0.093533,0.949,-0.314,-0.027,-0.013
4.7,0.75983,-0.17969,0.087887,0.949,-0.314,-0.027,-0.013
4.75,0.76015,-0.17963,0.082302,0.949,-0.314,-0.027,-0.013
4.8,0.7605,-0.17943,0.076793,0.949,-0.314,-0.027,-0.013
4.85,0.76086,-0.1791,0.07138,0.949,-0.314,-0.027,-0.013
4.9,0.76124,-0.17864,0.066086,0.949,-0.314,-0.027,-0.013
4.95,0.76164,-0.17809,0.060941,0.949,-0.314,-0.027,-0.013
5,0.76208,-0.17746,0.055984,0.949,-0.314,-0.027,-0.013
