0.05,0.49076,-0.406,0.23424,0.949,-0.314,-0.027,-0.013
0.1,0.49882,-0.39473,0.24355,0.949,-0.314,-0.027,-0.013
0.15,0.5069,-0.38348,0.25271,0.949,-0.314,-0.027,-0.013
0.2,0.51501,-0.37227,0.26158,0.949,-0.314,-0.027,-0.013
0.25,0.52315,-0.36111,0.27005,0.949,-0.314,-0.027,-0.013
0.3,0.53134,-0.35001,0.27796,0.949,-0.314,-0.027,-0.013
0.35,0.53958,-0.33897,0.28519,0.949,-0.314,-0.027,-0.013
0.4,0.54786,-0.32795,0.29163,0.949,-0.314,-0.027,-0.013
0.45,0.55616,-0.31681,0.29721,0.949,-0.314,-0.027,-0.013
0.5,0.56439,-0.30523,0.30183,0.949,-0.314,-0.027,-0.013
0.55,0.57246,-0.29278,0.30543,0.949,-0.314,-0.027,-0.013
0.6,0.58031,-0.2793,0.30795,0.949,-0.314,-0.027,-0.013
0.65,0.58814,-0.26536,0.30937,0.949,-0.314,-0.027,-0.013
0.7,0.59622,-0.25191,0.30975,0.949,-0.314,-0.027,-0.013
0.75,0.6047,-0.23959,0.30915,0.949,-0.314,-0.027,-0.013
0.8,0.61351,-0.22842,0.30757,0.949,-0.314,-0.027,-0.013
0.85,0.62248,-0.21811,0.30499,0.949,-0.314,-0.027,-0.013
0.9,0.63147,-0.20844,0.3014,0.949,-0.314,-0.027,-0.013
0.95,0.6404,-0.19932,0.29683,0.949,-0.314,-0.027,-0.013
1,0.6492,-0.19076,0.2913,0.949,-0.314,-0.027,-0.013
1.05,0.65781,-0.18279,0.28484,0.949,-0.314,-0.027,-0.013
1.1,0.66617,-0.17542,0.27752,0.949,-0.314,-0.027,-0.013
1.15,0.67423,-0.16867,0.26943,0.949,-0.314,-0.027,-0.013
1.2,0.68194,-0.16255,0.26066,0.949,-0.314,-0.027,-0.013
1.25,0.68926,-0.15703,0.25137,0.949,-0.314,-0.027,-0.013
1.3,0.69617,-0.15208,0.24171,0.949,-0.314,-0.027,-0.013
1.35,0.70265,-0.14766,0.23182,0.949,-0.314,-0.027,-0.013
1.4,0.70871,-0.1437,0.22186,0.949,-0.314,-0.027,-0.013
1.45,0.71435,-0.14015,0.21197,0.949,-0.314,-0.027,-0.013
1.5,0.71956,-0.13696,0.20225,0.949,-0.314,-0.027,-0.013
1.55,0.72435,-0.13407,0.1928,0.949,-0.314,-0.027,-0.013
1.6,0.7287,-0.13146,0.1837,0.949,-0.314,-0.027,-0.013
1.65,0.7326,-0.12911,0.17502,0.949,-0.314,-0.027,-0.013
1.7,0.73605,-0.127,0.16681,0.949,-0.314,-0.027,-0.013
1.75,0.73903,-0.12511,0.15909,0.949,-0.314,-0.027,-0.013
1.8,0.74155,-0.12345,0.15186,0.949,-0.314,-0.027,-0.013
1.85,0.74361,-0.12201,0.14511,0.949,-0.314,-0.027,-0.013
1.9,0.74524,-0.12078,0.13879,0.949,-0.314,-0.027,-0.013
1.95,0.74646,-0.11976,0.13284,0.949,-0.314,-0.027,-0.013
2,0.74733,-0.11894,0.1272,0.949,-0.314,-0.027,-0.013
2.05,0.74791,-0.11827,0.12179,0.949,-0.314,-0.027,-0.013
2.1,0.74824,-0.11775,0.11654,0.949,-0.314,-0.027,-0.013
2.15,0.74839,-0.11733,0.11139,0.949,-0.314,-0.027,-0.013
2.2,0.74841,-0.11698,0.1063,0.949,-0.314,-0.027,-0.013
2.25,0.74836,-0.11668,0.10122,0.949,-0.314,-0.027,-0.013
2.3,0.74826,-0.1164,0.096152,0.949,-0.314,-0.027,-0.013
2.35,0.74815,-0.11612,0.091093,0.949,-0.314,-0.027,-0.013
2.4,0.74805,-0.11582,0.086068,0.949,-0.314,-0.027,-0.013
2.45,0.74798,-0.11551,0.081125,0.949,-0.314,-0.027,-0.013
2.5,0.74795,-0.11518,0.076333,0.949,-0.314,-0.027,-0.013
2.55,0.74796,-0.11483,0.071788,0.949,-0.314,-0.027,-0.013
2.6,0.74802,-0.11449,0.067607,0.949,-0.314,-0.027,-0.013
2.65,0.74812,-0.11418,0.063931,0.949,-0.314,-0.027,-0.013
2.7,0.74826,-0.11394,0.060916,0.949,-0.314,-0.027,-0.013
2.75,0.74844,-0.11379,0.058729,0.949,-0.314,-0.027,-0.013
2.8,0.74864,-0.11379,0.057525,0.949,-0.314,-0.027,-0.013
2.85,0.74887,-0.11399,0.057431,0.949,-0.314,-0.027,-0.013
2.9,0.74912,-0.11441,0.058513,0.949,-0.314,-0.027,-0.013
2.95,0.74939,-0.11509,0.060761,0.949,-0.314,-0.027,-0.013
3,0.74967,-0.11604,0.064106,0.949,-0.314,-0.027,-0.013
3.05,0.74997,-0.11723,0.068435,0.949,-0.314,-0.027,-0.013
3.1,0.75028,-0.11867,0.073615,0.949,-0.314,-0.027,-0.013
3.15,0.75059,-0.12032,0.079504,0.949,-0.314,-0.027,-0.013
3.2,0.75091,-0.12216,0.085959,0.949,-0.314,-0.027,-0.013
3.25,0.75122,-0.12417,0.092837,0.949,-0.314,-0.027,-0.013
3.3,0.75153,-0.12634,0.099999,0.949,-0.314,-0.027,-0.013
3.35,0.75184,-0.12865,0.10731,0.949,-0.314,-0.027,-0.013
3.4,0.75213,-0.13109,0.11462,0.949,-0.314,-0.027,-0.013
3.45,0.75242,-0.13365,0.1218,0.949,-0.314,-0.027,-0.013
3.5,0.75269,-0.13632,0.12871,0.949,-0.314,-0.027,-0.013
3.55,0.75295,-0.13908,0.13519,0.949,-0.314,-0.027,-0.013
3.6,0.7532,-0.14192,0.14112,0.949,-0.314,-0.027,-0.013
3.65,0.75344,-0.14483,0.14636,0.949,-0.314,-0.027,-0.013
3.7,0.75369,-0.14776,0.15078,0.949,-0.314,-0.027,-0.013
3.75,0.75394,-0.1507,0.15428,0.949,-0.314,-0.027,-0.013
3.8,0.75419,-0.15359,0.1568,0.949,-0.314,-0.027,-0.013
3.85,0.75446,-0.15642,0.15829,0.949,-0.314,-0.027,-0.013
3.9,0.75474,-0.15915,0.15874,0.949,-0.314,-0.027,-0.013
3.95,0.75504,-0.16176,0.1582,0.949,-0.314,-0.027,-0.013
4,0.75536,-0.16423,0.15671,0.949,-0.314,-0.027,-0.013
4.05,0.75569,-0.16653,0.15435,0.949,-0.314,-0.027,-0.013
4.1,0.75604,-0.16865,0.15122,0.949,-0.314,-0.027,-0.013
4.15,0.75638,-0.17057,0.14742,0.949,-0.314,-0.027,-0.013
4.2,0.75673,-0.1723,0.14306,0.949,-0.314,-0.027,-0.013
4.25,0.75708,-0.17382,0.13824,0.949,-0.314,-0.027,-0.013
4.3,0.75741,-0.17513,0.13308,0.949,-0.314,-0.027,-0.013
4.35,0.75774,-0.17626,0.12768,0.949,-0.314,-0.027,-0.013
4.4,0.75806,-0.1772,0.1221,0.949,-0.314,-0.027,-0.013
4.45,0.75838,-0.17796,0.11642,0.949,-0.314,-0.027,-0.013
4.5,0.7587,-0.17857,0.11069,0.949,-0.314,-0.027,-0.013
4.55,0.75903,-0.17903,0.10495,0.949,-0.314,-0.027,-0.013
4.6,0.75936,-0.17934,0.099224,0.949,-0.314,-0.027,-0.013
4.65,0.75971,-0.17951,0.093529,0.949,-0.314,-0.027,-0.013
4.7,0.76008,-0.17954,0.087882,0.949,-0.314,-0.027,-0.013
4.75,0.76047,-0.17942,0.082296,0.949,-0.314,-0.027,-0.013
4.8,0.76089,-0.17917,0.076788,0.949,-0.314,-0.027,-0.013
4.85,0.76133,-0.17878,0.071374,0.949,-0.314,-0.027,-0.013
4.9,0.76181,-0.17825,0.06608,0.949,-0.314,-0.027,-0.013
4.95,0.76231,-0.17762,0.060936,0.949,-0.314,-0.027,-0.013
5,0.76285,-0.17691,0.05598,0.949,-0.314,-0.027,-0.013
