0.05,0.74195,-0.4364,0.44029,0.949,-0.314,-0.027,-0.013
0.1,0.73888,-0.42325,0.43756,0.949,-0.314,-0.027,-0.013
0.15,0.73587,-0.41015,0.43478,0.949,-0.314,-0.027,-0.013
0.2,0.733,-0.39713,0.43197,0.949,-0.314,-0.027,-0.013
0.25,0.73033,-0.38422,0.42909,0.949,-0.314,-0.027,-0.013
0.3,0.72792,-0.37147,0.42611,0.949,-0.314,-0.027,-0.013
0.35,0.72583,-0.35888,0.42297,0.949,-0.314,-0.027,-0.013
0.4,0.72407,-0.34644,0.41959,0.949,-0.314,-0.027,-0.013
0.45,0.72262,-0.334,0.41587,0.949,-0.314,-0.027,-0.013
0.5,0.72136,-0.32123,0.41166,0.949,-0.314,-0.027,-0.013
0.55,0.7201,-0.30767,0.40676,0.949,-0.314,-0.027,-0.013
0.6,0.71875,-0.29315,0.40103,0.949,-0.314,-0.027,-0.013
0.65,0.71749,-0.2782,0.39444,0.949,-0.314,-0.027,-0.013
0.7,0.71659,-0.26377,0.38708,0.949,-0.314,-0.027,-0.013
0.75,0.71624,-0.25051,0.37902,0.949,-0.314,-0.027,-0.013
0.8,0.71641,-0.23841,0.37031,0.949,-0.314,-0.027,-0.013
0.85,0.71697,-0.2272,0.36098,0.949,-0.314,-0.027,-0.013
0.9,0.71782,-0.21664,0.35105,0.949,-0.314,-0.027,-0.013
0.95,0.71893,-0.20665,0.34055,0.949,-0.314,-0.027,-0.013
1,0.72028,-0.19726,0.32954,0.949,-0.314,-0.027,-0.013
1.05,0.72184,-0.1885,0.31809,0.949,-0.314,-0.027,-0.013
1.1,0.72361,-0.18039,0.30627,0.949,-0.314,-0.027,-0.013
1.15,0.72556,-0.17295,0.29416,0.949,-0.314,-0.027,-0.013
1.2,0.72764,-0.1662,0.28185,0.949,-0.314,-0.027,-0.013
1.25,0.7298,-0.1601,0.26946,0.949,-0.314,-0.027,-0.013
1.3,0.73198,-0.15463,0.25707,0.949,-0.314,-0.027,-0.013
1.35,0.73413,-0.14972,0.24481,0.949,-0.314,-0.027,-0.013
1.4,0.7362,-0.14532,0.23277,0.949,-0.314,-0.027,-0.013
1.45,0.73818,-0.14136,0.22104,0.949,-0.314,-0.027,-0.013
1.5,0.74001,-0.13781,0.20972,0.949,-0.314,-0.027,-0.013
1.55,0.7417,-0.13461,0.19887,0.949,-0.314,-0.027,-0.013
1.6,0.74321,-0.13173,0.18855,0.949,-0.314,-0.027,-0.013
1.65,0.74453,-0.12916,0.17881,0.949,-0.314,-0.027,-0.013
1.7,0.74565,-0.12688,0.16968,0.949,-0.314,-0.027,-0.013
1.75,0.74655,-0.12486,0.16117,0.949,-0.314,-0.027,-0.013
1.8,0.74725,-0.12312,0.15329,0.949,-0.314,-0.027,-0.013
1.85,0.74776,-0.12163,0.14601,0.949,-0.314,-0.027,-0.013
1.9,0.74807,-0.12039,0.13927,0.949,-0.314,-0.027,-0.013
1.95,0.74823,-0.11938,0.133,0.949,-0.314,-0.027,-0.013
2,0.74826,-0.11857,0.12712,0.949,-0.314,-0.027,-0.013
2.05,0.7482,-0.11793,0.12155,0.949,-0.314,-0.027,-0.013
2.1,0.74807,-0.11744,0.1162,0.949,-0.314,-0.027,-0.013
2.15,0.7479,-0.11705,0.11101,0.949,-0.314,-0.027,-0.013
2.2,0.74773,-0.11673,0.1059,0.949,-0.314,-0.027,-0.013
2.25,0.74757,-0.11646,0.10084,0.949,-0.314,-0.027,-0.013
2.3,0.74744,-0.1162,0.095802,0.949,-0.314,-0.027,-0.013
2.35,0.74734,-0.11594,0.090782,0.949,-0.314,-0.027,-0.013
2.4,0.7473,-0.11567,0.085802,0.949,-0.314,-0.027,-0.013
2.45,0.7473,-0.11537,0.080904,0.949,-0.314,-0.027,-0.013
2.5,0.74735,-0.11506,0.076155,0.949,-0.314,-0.027,-0.013
2.55,0.74745,-0.11473,0.071649,0.949,-0.314,-0.027,-0.013
2.6,0.7476,-0.11441,0.067502,0.949,-0.314,-0.027,-0.013
2.65,0.74778,-0.11411,0.063855,0.949,-0.314,-0.027,-0.013
2.7,0.748,-0.11388,0.060864,0.949,-0.314,-0.027,-0.013
2.75,0.74824,-0.11374,0.058696,0.949,-0.314,-0.027,-0.013
2.8,0.7485,-0.11375,0.057507,0.949,-0.314,-0.027,-0.013
2.85,0.74877,-0.11396,0.057424,0.949,-0.314,-0.027,-0.013
2.9,0.74906,-0.11439,0.058513,0.949,-0.314,-0.027,-0.013
2.95,0.74935,-0.11508,0.060767,0.949,-0.314,-0.027,-0.013
3,0.74966,-0.11603,0.064115,0.949,-0.314,-0.027,-0.013
3.05,0.74997,-0.11723,0.068446,0.949,-0.314,-0.027,-0.013
3.1,0.75028,-0.11867,0.073627,0.949,-0.314,-0.027,-0.013
3.15,0.7506,-0.12032,0.079515,0.949,-0.314,-0.027,-0.013
3.2,0.75092,-0.12216,0.085969,0.949,-0.314,-0.027,-0.013
3.25,0.75124,-0.12418,0.092846,0.949,-0.314,-0.027,-0.013
3.3,0.75155,-0.12635,0.10001,0.949,-0.314,-0.027,-0.013
3.35,0.75186,-0.12866,0.10731,0.949,-0.314,-0.027,-0.013
3.4,0.75215,-0.1311,0.11463,0.949,-0.314,-0.027,-0.013
3.45,0.75244,-0.13365,0.12181,0.949,-0.314,-0.027,-0.013
3.5,0.75271,-0.13632,0.12871,0.949,-0.314,-0.027,-0.013
3.55,0.75297,-0.13908,0.1352,0.949,-0.314,-0.027,-0.013
3.6,0.75322,-0.14192,0.14112,0.949,-0.314,-0.027,-0.013
3.65,0.75346,-0.14483,0.14636,0.949,-0.314,-0.027,-0.013
3.7,0.75371,-0.14776,0.15078,0.949,-0.314,-0.027,-0.013
3.75,0.75396,-0.15069,0.15428,0.949,-0.314,-0.027,-0.013
3.8,0.75422,-0.15359,0.1568,0.949,-0.314,-0.027,-0.013
3.85,0.75449,-0.15641,0.15829,0.949,-0.314,-0.027,-0.013
3.9,0.75477,-0.15914,0.15875,0.949,-0.314,-0.027,-0.013
3.95,0.75508,-0.16175,0.1582,0.949,-0.314,-0.027,-0.013
4,0.75539,-0.16421,0.15672,0.949,-0.314,-0.027,-0.013
4.05,0.75573,-0.16651,0.15436,0.949,-0.314,-0.027,-0.013
4.1,0.75607,-0.16863,0.15123,0.949,-0.314,-0.027,-0.013
4.15,0.75641,-0.17055,0.14743,0.949,-0.314,-0.027,-0.013
4.2,0.75675,-0.17228,0.14307,0.949,-0.314,-0.027,-0.013
4.25,0.75707,-0.1738,0.13826,0.949,-0.314,-0.027,-0.013
4.3,0.75739,-0.17513,0.1331,0.949,-0.314,-0.027,-0.013
4.35,0.75768,-0.17626,0.12769,0.949,-0.314,-0.027,-0.013
4.4,0.75796,-0.17722,0.12211,0.949,-0.314,-0.027,-0.013
4.45,0.75822,-0.17802,0.11642,0.949,-0.314,-0.027,-0.013
4.5,0.75847,-0.17866,0.11069,0.949,-0.314,-0.027,-0.013
4.55,0.7587,-0.17917,0.10493,0.949,-0.314,-0.027,-0.013
4.6,0.75892,-0.17954,0.099178,0.949,-0.314,-0.027,-0.013
4.65,0.75913,-0.1798,0.093452,0.949,-0.314,-0.027,-0.013
4.7,0.75934,-0.17992,0.087766,0.949,-0.314,-0.027,-0.013
4.75,0.75954,-0.17993,0.08213,0.949,-0.314,-0.027,-0.013
4.8,0.75974,-0.17982,0.07656,0.949,-0.314,-0.027,-0.013
4.85,0.75994,-0.17959,0.071072,0.949,-0.314,-0.027,-0.013
4.9,0.76014,-0.17925,0.065693,0.949,-0.314,-0.027,-0.013
4.95,0.76036,-0.17882,0.060455,0.949,-0.314,-0.027,-0.013
5,0.7606,-0.17832,0.055398,0.949,-0.314,-0.027,-0.013
