0.05,0.48579,-0.28311,0.45294,0.998,0.065,-0.013,-0.018
0.1,0.49412,-0.27494,0.44773,0.998,0.065,-0.013,-0.018
0.15,0.50274,-0.26663,0.4424,0.998,0.065,-0.013,-0.018
0.2,0.51166,-0.25815,0.43691,0.998,0.065,-0.013,-0.018
0.25,0.5209,-0.2495,0.43121,0.998,0.065,-0.013,-0.018
0.3,0.53045,-0.24068,0.42524,0.998,0.065,-0.013,-0.018
0.35,0.54035,-0.23168,0.41892,0.998,0.065,-0.013,-0.018
0.4,0.55058,-0.22251,0.41217,0.998,0.065,-0.013,-0.018
0.45,0.56115,-0.2132,0.4049,0.998,0.065,-0.013,-0.018
0.5,0.57203,-0.20377,0.39705,0.998,0.065,-0.013,-0.018
0.55,0.58316,-0.19429,0.38856,0.998,0.065,-0.013,-0.018
0.6,0.59448,-0.18482,0.3794,0.998,0.065,-0.013,-0.018
0.65,0.60586,-0.17545,0.36959,0.998,0.065,-0.013,-0.018
0.7,0.61719,-0.16627,0.35922,0.998,0.065,-0.013,-0.018
0.75,0.62835,-0.15733,0.34837,0.998,0.065,-0.013,-0.018
0.8,0.63926,-0.14867,0.33714,0.998,0.065,-0.013,-0.018
0.85,0.64986,-0.1403,0.32563,0.998,0.065,-0.013,-0.018
0.9,0.66009,-0.13224,0.31391,0.998,0.065,-0.013,-0.018
0.95,0.6699,-0.12449,0.30206,0.998,0.065,-0.013,-0.018
1,0.67925,-0.11706,0.29015,0.998,0.065,-0.013,-0.018
1.05,0.6881,-0.10993,0.27826,0.998,0.065,-0.013,-0.018
1.1,0.6964,-0.10312,0.26645,0.998,0.065,-0.013,-0.018
1.15,0.70411,-0.096613,0.25478,0.998,0.065,-0.013,-0.018
1.2,0.71121,-0.090404,0.24333,0.998,0.065,-0.013,-0.018
1.25,0.71765,-0.084486,0.23214,0.998,0.065,-0.013,-0.018
1.3,0.72341,-0.078845,0.22127,0.998,0.065,-0.013,-0.018
1.35,0.72846,-0.073469,0.21077,0.998,0.065,-0.013,-0.018
1.4,0.73279,-0.068338,0.20067,0.998,0.065,-0.013,-0.018
1.45,0.73637,-0.063432,0.19102,0.998,0.065,-0.013,-0.018
1.5,0.73919,-0.058728,0.18182,0.998,0.065,-0.013,-0.018
1.55,0.74127,-0.054201,0.1731,0.998,0.065,-0.013,-0.018
1.6,0.7426,-0.049826,0.16487,0.998,0.065,-0.013,-0.018
1.65,0.74318,-0.045578,0.15713,0.998,0.065,-0.013,-0.018
1.7,0.74306,-0.041431,0.14987,0.998,0.065,-0.013,-0.018
1.75,0.74225,-0.03736,0.14306,0.998,0.065,-0.013,-0.018
1.8,0.7408,-0.033345,0.1367,0.998,0.065,-0.013,-0.018
1.85,0.73874,-0.029367,0.13076,0.998,0.065,-0.013,-0.018
1.9,0.73613,-0.025414,0.12521,0.998,0.065,-0.013,-0.018
1.95,0.733,-0.021474,0.12004,0.998,0.065,-0.013,-0.018
2,0.72941,-0.017538,0.11521,0.998,0.065,-0.013,-0.018
2.05,0.72541,-0.013603,0.11071,0.998,0.065,-0.013,-0.018
2.1,0.72105,-0.0096631,0.10652,0.998,0.065,-0.013,-0.018
2.15,0.71637,-0.0057181,0.10262,0.998,0.065,-0.013,-0.018
2.2,0.71142,-0.0017671,0.098996,0.998,0.065,-0.013,-0.018
2.25,0.70625,0.0021895,0.095629,0.998,0.065,-0.013,-0.018
2.3,0.7009,0.0061504,0.092509,0.998,0.065,-0.013,-0.018
2.35,0.69542,0.010114,0.089625,0.998,0.065,-0.013,-0.018
2.4,0.68985,0.014078,0.086967,0.998,0.065,-0.013,-0.018
2.45,0.68424,0.018041,0.084526,0.998,0.065,-0.013,-0.018
2.5,0.67862,0.022001,0.082296,0.998,0.065,-0.013,-0.018
2.55,0.67304,0.025956,0.080272,0.998,0.065,-0.013,-0.018
2.6,0.66754,0.029904,0.078447,0.998,0.065,-0.013,-0.018
2.65,0.66216,0.033846,0.07682,0.998,0.065,-0.013,-0.018
2.7,0.65695,0.037781,0.075389,0.998,0.065,-0.013,-0.018
2.75,0.65194,0.041711,0.074156,0.998,0.065,-0.013,-0.018
2.8,0.64717,0.045637,0.073124,0.998,0.065,-0.013,-0.018
2.85,0.64268,0.049564,0.072299,0.998,0.065,-0.013,-0.018
2.9,0.63851,0.053496,0.071692,0.998,0.065,-0.013,-0.018
2.95,0.63468,0.05744,0.071315,0.998,0.065,-0.013,-0.018
3,0.63122,0.061406,0.071184,0.998,0.065,-0.013,-0.018
3.05,0.62817,0.065404,0.071321,0.998,0.065,-0.013,-0.018
3.1,0.62554,0.069446,0.071745,0.998,0.065,-0.013,-0.018
3.15,0.62334,0.073546,0.07248,0.998,0.065,-0.013,-0.018
3.2,0.62158,0.077718,0.073547,0.998,0.065,-0.013,-0.018
3.25,0.62027,0.081977,0.074966,0.998,0.065,-0.013,-0.018
3.3,0.61941,0.086336,0.07675,0.998,0.065,-0.013,-0.018
3.35,0.61899,0.090806,0.078911,0.998,0.065,-0.013,-0.018
3.4,0.61899,0.095396,0.081452,0.998,0.065,-0.013,-0.018
3.45,0.61941,0.10011,0.084366,0.998,0.065,-0.013,-0.018
3.5,0.62023,0.10496,0.08764,0.998,0.065,-0.013,-0.018
3.55,0.62143,0.10993,0.091249,0.998,0.065,-0.013,-0.018
3.6,0.623,0.11503,0.095164,0.998,0.065,-0.013,-0.018
3.65,0.62491,0.12025,0.099346,0.998,0.065,-0.013,-0.018
3.7,0.62714,0.12557,0.10375,0.998,0.065,-0.013,-0.018
3.75,0.62967,0.131,0.10834,0.998,0.065,-0.013,-0.018
3.8,0.63248,0.13651,0.11306,0.998,0.065,-0.013,-0.018
3.85,0.63553,0.14209,0.11785,0.998,0.065,-0.013,-0.018
3.9,0.6388,0.14771,0.12266,0.998,0.065,-0.013,-0.018
3.95,0.64227,0.15337,0.12744,0.998,0.065,-0.013,-0.018
4,0.64591,0.15904,0.13212,0.998,0.065,-0.013,-0.018
4.05,0.64968,0.1647,0.13666,0.998,0.065,-0.013,-0.018
4.1,0.65355,0.17033,0.14098,0.998,0.065,-0.013,-0.018
4.15,0.65751,0.1759,0.14503,0.998,0.065,-0.013,-0.018
4.2,0.6615,0.18139,0.14876,0.998,0.065,-0.013,-0.018
4.25,0.6655,0.18678,0.15211,0.998,0.065,-0.013,-0.018
4.3,0.66946,0.19204,0.15504,0.998,0.065,-0.013,-0.018
4.35,0.67332,0.19714,0.15751,0.998,0.065,-0.013,-0.018
4.4,0.67704,0.20206,0.15952,0.998,0.065,-0.013,-0.018
4.45,0.68056,0.20676,0.1611,0.998,0.065,-0.013,-0.018
4.5,0.68387,0.21126,0.16227,0.998,0.065,-0.013,-0.018
4.55,0.68695,0.21553,0.16309,0.998,0.065,-0.013,-0.018
4.6,0.68983,0.21959,0.16359,0.998,0.065,-0.013,-0.018
4.65,0.69255,0.22344,0.16382,0.998,0.065,-0.013,-0.018
4.7,0.69514,0.2271,0.16377,0.998,0.065,-0.013,-0.018
4.75,0.69764,0.23058,0.16347,0.998,0.065,-0.013,-0.018
4.8,0.70008,0.23389,0.1629,0.998,0.065,-0.013,-0.018
4.85,0.70251,0.23704,0.16207,0.998,0.065,-0.013,-0.018
4.9,0.70495,0.24002,0.16096,0.998,0.065,-0.013,-0.018
4.95,0.70745,0.24286,0.15953,0.998,0.065,-0.013,-0.018
5,0.71001,0.24554,0.15776,0.998,0.065,-0.013,-0.018
