0.05,0.40869,-0.12258,0.28377,0.998,0.065,-0.013,-0.018
0.1,0.41911,-0.12067,0.28512,0.998,0.065,-0.013,-0.018
0.15,0.42982,-0.11861,0.28634,0.998,0.065,-0.013,-0.018
0.2,0.44083,-0.11636,0.28738,0.998,0.065,-0.013,-0.018
0.25,0.45215,-0.11392,0.28819,0.998,0.065,-0.013,-0.018
0.3,0.46379,-0.11127,0.2887,0.998,0.065,-0.013,-0.018
0.35,0.47577,-0.1084,0.28881,0.998,0.065,-0.013,-0.018
0.4,0.48809,-0.10531,0.28844,0.998,0.065,-0.013,-0.018
0.45,0.50074,-0.10202,0.28751,0.998,0.065,-0.013,-0.018
0.5,0.51371,-0.09857,0.28594,0.998,0.065,-0.013,-0.018
0.55,0.52693,-0.095006,0.28368,0.998,0.065,-0.013,-0.018
0.6,0.54033,-0.091401,0.28069,0.998,0.065,-0.013,-0.018
0.65,0.55379,-0.087827,0.277,0.998,0.065,-0.013,-0.018
0.7,0.5672,-0.084341,0.27264,0.998,0.065,-0.013,-0.018
0.75,0.58045,-0.08098,0.2677,0.998,0.065,-0.013,-0.018
0.8,0.59344,-0.077759,0.26224,0.998,0.065,-0.013,-0.018
0.85,0.60612,-0.074683,0.25635,0.998,0.065,-0.013,-0.018
0.9,0.61842,-0.07175,0.2501,0.998,0.065,-0.013,-0.018
0.95,0.63031,-0.068957,0.24355,0.998,0.065,-0.013,-0.018
1,0.64173,-0.066298,0.23678,0.998,0.065,-0.013,-0.018
1.05,0.65265,-0.063767,0.22983,0.998,0.065,-0.013,-0.018
1.1,0.66302,-0.061358,0.22279,0.998,0.065,-0.013,-0.018
1.15,0.67281,-0.059062,0.21572,0.998,0.065,-0.013,-0.018
1.2,0.68197,-0.056874,0.20866,0.998,0.065,-0.013,-0.018
1.25,0.69048,-0.054783,0.20169,0.998,0.065,-0.013,-0.018
1.3,0.69831,-0.052781,0.19486,0.998,0.065,-0.013,-0.018
1.35,0.70542,-0.050855,0.18821,0.998,0.065,-0.013,-0.018
1.4,0.7118,-0.048992,0.18179,0.998,0.065,-0.013,-0.018
1.45,0.71744,-0.047174,0.17564,0.998,0.065,-0.013,-0.018
1.5,0.72233,-0.045383,0.16978,0.998,0.065,-0.013,-0.018
1.55,0.72646,-0.043593,0.16422,0.998,0.065,-0.013,-0.018
1.6,0.72984,-0.041775,0.15898,0.998,0.065,-0.013,-0.018
1.65,0.73248,-0.039895,0.15405,0.998,0.065,-0.013,-0.018
1.7,0.73439,-0.037926,0.1494,0.998,0.065,-0.013,-0.018
1.75,0.73562,-0.035839,0.14503,0.998,0.065,-0.013,-0.018
1.8,0.73618,-0.033608,0.1409,0.998,0.065,-0.013,-0.018
1.85,0.7361,-0.03121,0.13698,0.998,0.065,-0.013,-0.018
1.9,0.73543,-0.028626,0.13324,0.998,0.065,-0.013,-0.018
1.95,0.7342,-0.025843,0.12965,0.998,0.065,-0.013,-0.018
2,0.73245,-0.022855,0.12619,0.998,0.065,-0.013,-0.018
2.05,0.73022,-0.019663,0.12284,0.998,0.065,-0.013,-0.018
2.1,0.72754,-0.01627,0.11958,0.998,0.065,-0.013,-0.018
2.15,0.72446,-0.012685,0.11641,0.998,0.065,-0.013,-0.018
2.2,0.721,-0.0089218,0.1133,0.998,0.065,-0.013,-0.018
2.25,0.71721,-0.0049938,0.11027,0.998,0.065,-0.013,-0.018
2.3,0.71312,-0.00091757,0.10731,0.998,0.065,-0.013,-0.018
2.35,0.70877,0.0032892,0.10442,0.998,0.065,-0.013,-0.018
2.4,0.70418,0.007608,0.1016,0.998,0.065,-0.013,-0.018
2.45,0.6994,0.01202,0.098866,0.998,0.065,-0.013,-0.018
2.5,0.69445,0.016507,0.096215,0.998,0.065,-0.013,-0.018
2.55,0.68937,0.021049,0.093658,0.998,0.065,-0.013,-0.018
2.6,0.6842,0.025628,0.091204,0.998,0.065,-0.013,-0.018
2.65,0.67896,0.030227,0.088865,0.998,0.065,-0.013,-0.018
2.7,0.67369,0.034828,0.086654,0.998,0.065,-0.013,-0.018
2.75,0.66843,0.039418,0.084586,0.998,0.065,-0.013,-0.018
2.8,0.66321,0.043981,0.082678,0.998,0.065,-0.013,-0.018
2.85,0.65806,0.048507,0.080951,0.998,0.065,-0.013,-0.018
2.9,0.65302,0.052988,0.079426,0.998,0.065,-0.013,-0.018
2.95,0.64812,0.057419,0.07813,0.998,0.065,-0.013,-0.018
3,0.6434,0.061798,0.077089,0.998,0.065,-0.013,-0.018
3.05,0.63888,0.066128,0.076333,0.998,0.065,-0.013,-0.018
3.1,0.63459,0.070415,0.075891,0.998,0.065,-0.013,-0.018
3.15,0.63056,0.074669,0.075793,0.998,0.065,-0.013,-0.018
3.2,0.62679,0.078901,0.076066,0.998,0.065,-0.013,-0.018
3.25,0.62332,0.083122,0.076734,0.998,0.065,-0.013,-0.018
3.3,0.62013,0.087342,0.077815,0.998,0.065,-0.013,-0.018
3.35,0.61723,0.091577,0.079318,0.998,0.065,-0.013,-0.018
3.4,0.6146,0.095838,0.081245,0.998,0.065,-0.013,-0.018
3.45,0.61225,0.10013,0.08359,0.998,0.065,-0.013,-0.018
3.5,0.61014,0.10446,0.086339,0.998,0.065,-0.013,-0.018
3.55,0.60826,0.10882,0.089469,0.998,0.065,-0.013,-0.018
3.6,0.60659,0.11321,0.092951,0.998,0.065,-0.013,-0.018
3.65,0.6051,0.11761,0.09675,0.998,0.065,-0.013,-0.018
3.7,0.60377,0.12202,0.10082,0.998,0.065,-0.013,-0.018
3.75,0.60257,0.12643,0.10512,0.998,0.065,-0.013,-0.018
3.8,0.60148,0.13081,0.1096,0.998,0.065,-0.013,-0.018
3.85,0.60047,0.13515,0.11421,0.998,0.065,-0.013,-0.018
3.9,0.59951,0.13944,0.11889,0.998,0.065,-0.013,-0.018
3.95,0.59858,0.14366,0.12358,0.998,0.065,-0.013,-0.018
4,0.59766,0.14778,0.12822,0.998,0.065,-0.013,-0.018
4.05,0.59672,0.1518,0.13276,0.998,0.065,-0.013,-0.018
4.1,0.59574,0.1557,0.13714,0.998,0.065,-0.013,-0.018
4.15,0.59468,0.15944,0.14128,0.998,0.065,-0.013,-0.018
4.2,0.59354,0.16302,0.14515,0.998,0.065,-0.013,-0.018
4.25,0.59228,0.16642,0.14867,0.998,0.065,-0.013,-0.018
4.3,0.59086,0.16962,0.1518,0.998,0.065,-0.013,-0.018
4.35,0.58925,0.1726,0.1545,0.998,0.065,-0.013,-0.018
4.4,0.58742,0.17535,0.15677,0.998,0.065,-0.013,-0.018
4.45,0.58534,0.17785,0.15862,0.998,0.065,-0.013,-0.018
4.5,0.58299,0.18011,0.16008,0.998,0.065,-0.013,-0.018
4.55,0.58038,0.18211,0.1612,0.998,0.065,-0.013,-0.018
4.6,0.57752,0.18388,0.16202,0.998,0.065,-0.013,-0.018
4.65,0.57445,0.18542,0.16256,0.998,0.065,-0.013,-0.018
4.7,0.57121,0.18674,0.16286,0.998,0.065,-0.013,-0.018
4.75,0.56785,0.18785,0.16291,0.998,0.065,-0.013,-0.018
4.8,0.56439,0.18876,0.1627,0.998,0.065,-0.013,-0.018
4.85,0.56089,0.1895,0.16224,0.998,0.065,-0.013,-0.018
4.9,0.55739,0.19007,0.1615,0.998,0.065,-0.013,-0.018
4.95,0.55393,0.19048,0.16045,0.998,0.065,-0.013,-0.018
5,0.55053,0.19073,0.15906,0.998,0.065,-0.013,-0.018
