0.05,0.49262,-0.27976,0.46378,0.998,0.065,-0.013,-0.018
0.1,0.50008,-0.27162,0.45802,0.998,0.065,-0.013,-0.018
0.15,0.50782,-0.26332,0.45215,0.998,0.065,-0.013,-0.018
0.2,0.51587,-0.25487,0.44613,0.998,0.065,-0.013,-0.018
0.25,0.52425,-0.24624,0.4399,0.998,0.065,-0.013,-0.018
0.3,0.53296,-0.23744,0.43339,0.998,0.065,-0.013,-0.018
0.35,0.54203,-0.22845,0.42655,0.998,0.065,-0.013,-0.018
0.4,0.55146,-0.2193,0.41928,0.998,0.065,-0.013,-0.018
0.45,0.56124,-0.20999,0.4115,0.998,0.065,-0.013,-0.018
0.5,0.57135,-0.20057,0.40314,0.998,0.065,-0.013,-0.018
0.55,0.58175,-0.19108,0.39415,0.998,0.065,-0.013,-0.018
0.6,0.59234,-0.18161,0.38449,0.998,0.065,-0.013,-0.018
0.65,0.60303,-0.17223,0.3742,0.998,0.065,-0.013,-0.018
0.7,0.6137,-0.16303,0.36335,0.998,0.065,-0.013,-0.018
0.75,0.62426,-0.15405,0.35204,0.998,0.065,-0.013,-0.018
0.8,0.63461,-0.14535,0.34037,0.998,0.065,-0.013,-0.018
0.85,0.64472,-0.13693,0.32842,0.998,0.065,-0.013,-0.018
0.9,0.65452,-0.1288,0.31629,0.998,0.065,-0.013,-0.018
0.95,0.66396,-0.12097,0.30405,0.998,0.065,-0.013,-0.018
1,0.67302,-0.11344,0.29178,0.998,0.065,-0.013,-0.018
1.05,0.68164,-0.1062,0.27954,0.998,0.065,-0.013,-0.018
1.1,0.6898,-0.099257,0.2674,0.998,0.065,-0.013,-0.018
1.15,0.69744,-0.092604,0.25543,0.998,0.065,-0.013,-0.018
1.2,0.70455,-0.086235,0.24369,0.998,0.065,-0.013,-0.018
1.25,0.71107,-0.080139,0.23224,0.998,0.065,-0.013,-0.018
1.3,0.71698,-0.074306,0.22114,0.998,0.065,-0.013,-0.018
1.35,0.72226,-0.068721,0.21042,0.998,0.065,-0.013,-0.018
1.4,0.72689,-0.063366,0.20013,0.998,0.065,-0.013,-0.018
1.45,0.73084,-0.058221,0.19029,0.998,0.065,-0.013,-0.018
1.5,0.73411,-0.053264,0.18094,0.998,0.065,-0.013,-0.018
1.55,0.73669,-0.048469,0.17209,0.998,0.065,-0.013,-0.018
1.6,0.7386,-0.043811,0.16375,0.998,0.065,-0.013,-0.018
1.65,0.73984,-0.039264,0.15591,0.998,0.065,-0.013,-0.018
1.7,0.74044,-0.034805,0.14858,0.998,0.065,-0.013,-0.018
1.75,0.74042,-0.030409,0.14173,0.998,0.065,-0.013,-0.018
1.8,0.73983,-0.026057,0.13534,0.998,0.065,-0.013,-0.018
1.85,0.73869,-0.021736,0.1294,0.998,0.065,-0.013,-0.018
1.9,0.73704,-0.017432,0.12388,0.998,0.065,-0.013,-0.018
1.95,0.73493,-0.013139,0.11875,0.998,0.065,-0.013,-0.018
2,0.73239,-0.0088511,0.114,0.998,0.065,-0.013,-0.018
2.05,0.72946,-0.0045679,0.1096,0.998,0.065,-0.013,-0.018
2.1,0.72617,-0.00028988,0.10552,0.998,0.065,-0.013,-0.018
2.15,0.72257,0.0039802,0.10176,0.998,0.065,-0.013,-0.018
2.2,0.71868,0.0082383,0.098294,0.998,0.065,-0.013,-0.018
2.25,0.71454,0.012479,0.095103,0.998,0.065,-0.013,-0.018
2.3,0.71018,0.016697,0.092175,0.998,0.065,-0.013,-0.018
2.35,0.70562,0.020886,0.089496,0.998,0.065,-0.013,-0.018
2.4,0.7009,0.025039,0.087055,0.998,0.065,-0.013,-0.018
2.45,0.69605,0.029151,0.084842,0.998,0.065,-0.013,-0.018
2.5,0.69108,0.033213,0.082848,0.998,0.065,-0.013,-0.018
2.55,0.68603,0.037222,0.081064,0.998,0.065,-0.013,-0.018
2.6,0.68093,0.04117,0.079484,0.998,0.065,-0.013,-0.018
2.65,0.67581,0.045055,0.078103,0.998,0.065,-0.013,-0.018
2.7,0.67069,0.048871,0.076918,0.998,0.065,-0.013,-0.018
2.75,0.6656,0.052617,0.075928,0.998,0.065,-0.013,-0.018
2.8,0.66057,0.056293,0.075136,0.998,0.065,-0.013,-0.018
2.85,0.65563,0.059899,0.074545,0.998,0.065,-0.013,-0.018
2.9,0.65081,0.06344,0.074163,0.998,0.065,-0.013,-0.018
2.95,0.64613,0.066923,0.074003,0.998,0.065,-0.013,-0.018
3,0.64164,0.070355,0.07408,0.998,0.065,-0.013,-0.018
3.05,0.63734,0.07375,0.074412,0.998,0.065,-0.013,-0.018
3.1,0.63327,0.07712,0.075021,0.998,0.065,-0.013,-0.018
3.15,0.62944,0.080482,0.075928,0.998,0.065,-0.013,-0.018
3.2,0.62587,0.083853,0.077156,0.998,0.065,-0.013,-0.018
3.25,0.62257,0.087249,0.078722,0.998,0.065,-0.013,-0.018
3.3,0.61954,0.090685,0.08064,0.998,0.065,-0.013,-0.018
3.35,0.61678,0.094174,0.082923,0.998,0.065,-0.013,-0.018
3.4,0.61429,0.097726,0.085574,0.998,0.065,-0.013,-0.018
3.45,0.61205,0.10135,0.088587,0.998,0.065,-0.013,-0.018
3.5,0.61004,0.10504,0.091946,0.998,0.065,-0.013,-0.018
3.55,0.60824,0.10881,0.095629,0.998,0.065,-0.013,-0.018
3.6,0.60664,0.11264,0.099604,0.998,0.065,-0.013,-0.018
3.65,0.6052,0.11653,0.10383,0.998,0.065,-0.013,-0.018
3.7,0.6039,0.12046,0.10828,0.998,0.065,-0.013,-0.018
3.75,0.60271,0.12443,0.11288,0.998,0.065,-0.013,-0.018
3.8,0.60162,0.12842,0.1176,0.998,0.065,-0.013,-0.018
3.85,0.60058,0.13241,0.12239,0.998,0.065,-0.013,-0.018
3.9,0.59959,0.13639,0.12718,0.998,0.065,-0.013,-0.018
3.95,0.5986,0.14034,0.13192,0.998,0.065,-0.013,-0.018
4,0.59761,0.14424,0.13656,0.998,0.065,-0.013,-0.018
4.05,0.59658,0.14808,0.14104,0.998,0.065,-0.013,-0.018
4.1,0.5955,0.15182,0.14529,0.998,0.065,-0.013,-0.018
4.15,0.59433,0.15545,0.14926,0.998,0.065,-0.013,-0.018
4.2,0.59305,0.15895,0.15289,0.998,0.065,-0.013,-0.018
4.25,0.59164,0.1623,0.15614,0.998,0.065,-0.013,-0.018
4.3,0.59007,0.16548,0.15895,0.998,0.065,-0.013,-0.018
4.35,0.5883,0.16846,0.1613,0.998,0.065,-0.013,-0.018
4.4,0.58629,0.17123,0.16319,0.998,0.065,-0.013,-0.018
4.45,0.58403,0.17377,0.16463,0.998,0.065,-0.013,-0.018
4.5,0.58149,0.17607,0.16566,0.998,0.065,-0.013,-0.018
4.55,0.57869,0.17814,0.16634,0.998,0.065,-0.013,-0.018
4.6,0.57564,0.17998,0.16671,0.998,0.065,-0.013,-0.018
4.65,0.57237,0.1816,0.16678,0.998,0.065,-0.013,-0.018
4.7,0.56893,0.18301,0.16659,0.998,0.065,-0.013,-0.018
4.75,0.56535,0.18422,0.16613,0.998,0.065,-0.013,-0.018
4.8,0.56169,0.18525,0.16541,0.998,0.065,-0.013,-0.018
4.85,0.55797,0.1861,0.16442,0.998,0.065,-0.013,-0.018
4.9,0.55426,0.18679,0.16315,0.998,0.065,-0.013,-0.018
4.95,0.55057,0.18732,0.16156,0.998,0.065,-0.013,-0.018
5,0.54695,0.1877,0.15963,0.998,0.065,-0.013,-0.018
