0.05,0.70293,-0.31815,0.35836,0.998,0.065,-0.013,-0.018
0.1,0.70221,-0.30822,0.35694,0.998,0.065,-0.013,-0.018
0.15,0.70179,-0.29813,0.3554,0.998,0.065,-0.013,-0.018
0.2,0.70169,-0.28789,0.35369,0.998,0.065,-0.013,-0.018
0.25,0.70194,-0.27749,0.35176,0.998,0.065,-0.013,-0.018
0.3,0.70258,-0.26692,0.34953,0.998,0.065,-0.013,-0.018
0.35,0.70361,-0.25619,0.34693,0.998,0.065,-0.013,-0.018
0.4,0.70505,-0.24531,0.34386,0.998,0.065,-0.013,-0.018
0.45,0.70691,-0.2343,0.34026,0.998,0.065,-0.013,-0.018
0.5,0.70915,-0.2232,0.33604,0.998,0.065,-0.013,-0.018
0.55,0.71173,-0.21205,0.33115,0.998,0.065,-0.013,-0.018
0.6,0.71457,-0.20093,0.32555,0.998,0.065,-0.013,-0.018
0.65,0.71758,-0.18994,0.31927,0.998,0.065,-0.013,-0.018
0.7,0.72068,-0.17916,0.31237,0.998,0.065,-0.013,-0.018
0.75,0.72378,-0.16865,0.30493,0.998,0.065,-0.013,-0.018
0.8,0.72683,-0.15847,0.29702,0.998,0.065,-0.013,-0.018
0.85,0.72979,-0.14863,0.28875,0.998,0.065,-0.013,-0.018
0.9,0.73261,-0.13915,0.28017,0.998,0.065,-0.013,-0.018
0.95,0.73527,-0.13003,0.27136,0.998,0.065,-0.013,-0.018
1,0.73773,-0.12128,0.2624,0.998,0.065,-0.013,-0.018
1.05,0.73996,-0.1129,0.25334,0.998,0.065,-0.013,-0.018
1.1,0.74191,-0.10489,0.24426,0.998,0.065,-0.013,-0.018
1.15,0.74355,-0.097235,0.23521,0.998,0.065,-0.013,-0.018
1.2,0.74486,-0.089942,0.22626,0.998,0.065,-0.013,-0.018
1.25,0.74579,-0.082998,0.21747,0.998,0.065,-0.013,-0.018
1.3,0.74632,-0.076391,0.20889,0.998,0.065,-0.013,-0.018
1.35,0.74641,-0.070105,0.20057,0.998,0.065,-0.013,-0.018
1.4,0.74604,-0.06412,0.19254,0.998,0.065,-0.013,-0.018
1.45,0.74519,-0.058416,0.18486,0.998,0.065,-0.013,-0.018
1.5,0.74384,-0.052968,0.17753,0.998,0.065,-0.013,-0.018
1.55,0.74199,-0.047752,0.17058,0.998,0.065,-0.013,-0.018
1.6,0.73966,-0.042744,0.16401,0.998,0.065,-0.013,-0.018
1.65,0.73687,-0.037922,0.15782,0.998,0.065,-0.013,-0.018
1.7,0.73364,-0.03326,0.152,0.998,0.065,-0.013,-0.018
1.75,0.73001,-0.028736,0.14652,0.998,0.065,-0.013,-0.018
1.8,0.72604,-0.024331,0.14137,0.998,0.065,-0.013,-0.018
1.85,0.72178,-0.020031,0.13651,0.998,0.065,-0.013,-0.018
1.9,0.71727,-0.015822,0.13192,0.998,0.065,-0.013,-0.018
1.95,0.71257,-0.011696,0.12756,0.998,0.065,-0.013,-0.018
2,0.70774,-0.0076437,0.12343,0.998,0.065,-0.013,-0.018
2.05,0.70281,-0.0036593,0.11949,0.998,0.065,-0.013,-0.018
2.1,0.69783,0.00026282,0.11573,0.998,0.065,-0.013,-0.018
2.15,0.69284,0.0041273,0.11214,0.998,0.065,-0.013,-0.018
2.2,0.68786,0.007938,0.1087,0.998,0.065,-0.013,-0.018
2.25,0.68293,0.011698,0.10541,0.998,0.065,-0.013,-0.018
2.3,0.67807,0.015411,0.10226,0.998,0.065,-0.013,-0.018
2.35,0.6733,0.01908,0.099248,0.998,0.065,-0.013,-0.018
2.4,0.66866,0.022707,0.096374,0.998,0.065,-0.013,-0.018
2.45,0.66415,0.026295,0.093637,0.998,0.065,-0.013,-0.018
2.5,0.65981,0.029848,0.091039,0.998,0.065,-0.013,-0.018
2.55,0.65564,0.033368,0.08858,0.998,0.065,-0.013,-0.018
2.6,0.65168,0.036859,0.086267,0.998,0.065,-0.013,-0.018
2.65,0.64794,0.040326,0.084103,0.998,0.065,-0.013,-0.018
2.7,0.64443,0.043773,0.082098,0.998,0.065,-0.013,-0.018
2.75,0.64118,0.047207,0.08026,0.998,0.065,-0.013,-0.018
2.8,0.6382,0.050634,0.078601,0.998,0.065,-0.013,-0.018
2.85,0.63552,0.054063,0.077136,0.998,0.065,-0.013,-0.018
2.9,0.63314,0.057503,0.075884,0.998,0.065,-0.013,-0.018
2.95,0.63108,0.060966,0.074863,0.998,0.065,-0.013,-0.018
3,0.62935,0.064462,0.074096,0.998,0.065,-0.013,-0.018
3.05,0.62797,0.068006,0.07361,0.998,0.065,-0.013,-0.018
3.1,0.62694,0.071613,0.07343,0.998,0.065,-0.013,-0.018
3.15,0.62627,0.075297,0.073584,0.998,0.065,-0.013,-0.018
3.2,0.62596,0.079074,0.074095,0.998,0.065,-0.013,-0.018
3.25,0.62601,0.08296,0.074986,0.998,0.065,-0.013,-0.018
3.3,0.62641,0.08697,0.076274,0.998,0.065,-0.013,-0.018
3.35,0.62716,0.091113,0.077968,0.998,0.065,-0.013,-0.018
3.4,0.62825,0.095398,0.08007,0.998,0.065,-0.013,-0.018
3.45,0.62967,0.09983,0.082575,0.998,0.065,-0.013,-0.018
3.5,0.63139,0.10441,0.085467,0.998,0.065,-0.013,-0.018
3.55,0.63341,0.10915,0.088725,0.998,0.065,-0.013,-0.018
3.6,0.6357,0.11403,0.092318,0.998,0.065,-0.013,-0.018
3.65,0.63823,0.11905,0.096211,0.998,0.065,-0.013,-0.018
3.7,0.64099,0.12421,0.10036,0.998,0.065,-0.013,-0.018
3.75,0.64395,0.12949,0.10472,0.998,0.065,-0.013,-0.018
3.8,0.64709,0.13488,0.10924,0.998,0.065,-0.013,-0.018
3.85,0.65037,0.14036,0.11387,0.998,0.065,-0.013,-0.018
3.9,0.65377,0.14592,0.11856,0.998,0.065,-0.013,-0.018
3.95,0.65728,0.15153,0.12324,0.998,0.065,-0.013,-0.018
4,0.66085,0.15717,0.12785,0.998,0.065,-0.013,-0.018
4.05,0.66447,0.16283,0.13235,0.998,0.065,-0.013,-0.018
4.1,0.6681,0.16848,0.13666,0.998,0.065,-0.013,-0.018
4.15,0.67173,0.17409,0.14074,0.998,0.065,-0.013,-0.018
4.2,0.67531,0.17964,0.14451,0.998,0.065,-0.013,-0.018
4.25,0.67883,0.18511,0.14793,0.998,0.065,-0.013,-0.018
4.3,0.68224,0.19047,0.15095,0.998,0.065,-0.013,-0.018
4.35,0.6855,0.19567,0.15353,0.998,0.065,-0.013,-0.018
4.4,0.68857,0.20071,0.15566,0.998,0.065,-0.013,-0.018
4.45,0.69141,0.20554,0.15737,0.998,0.065,-0.013,-0.018
4.5,0.694,0.21017,0.15869,0.998,0.065,-0.013,-0.018
4.55,0.69634,0.21458,0.15966,0.998,0.065,-0.013,-0.018
4.6,0.69846,0.21879,0.16033,0.998,0.065,-0.013,-0.018
4.65,0.70039,0.2228,0.16072,0.998,0.065,-0.013,-0.018
4.7,0.70216,0.22662,0.16085,0.998,0.065,-0.013,-0.018
4.75,0.70382,0.23026,0.16073,0.998,0.065,-0.013,-0.018
4.8,0.70541,0.23374,0.16036,0.998,0.065,-0.013,-0.018
4.85,0.70696,0.23706,0.15973,0.998,0.065,-0.013,-0.018
4.9,0.70852,0.24022,0.15881,0.998,0.065,-0.013,-0.018
4.95,0.71012,0.24324,0.15759,0.998,0.065,-0.013,-0.018
5,0.71178,0.2461,0.15602,0.998,0.065,-0.013,-0.018
