0.05,0.4068,-0.12648,0.28173,0.998,0.065,-0.013,-0.018
0.1,0.41788,-0.12427,0.28332,0.998,0.065,-0.013,-0.018
0.15,0.42924,-0.12191,0.28479,0.998,0.065,-0.013,-0.018
0.2,0.44089,-0.11936,0.28608,0.998,0.065,-0.013,-0.018
0.25,0.45285,-0.11663,0.28714,0.998,0.065,-0.013,-0.018
0.3,0.46512,-0.11368,0.28788,0.998,0.065,-0.013,-0.018
0.35,0.47771,-0.11053,0.28823,0.998,0.065,-0.013,-0.018
0.4,0.49063,-0.10716,0.28809,0.998,0.065,-0.013,-0.018
0.45,0.50385,-0.1036,0.2874,0.998,0.065,-0.013,-0.018
0.5,0.51737,-0.099884,0.28605,0.998,0.065,-0.013,-0.018
0.55,0.53113,-0.096061,0.28401,0.998,0.065,-0.013,-0.018
0.6,0.54504,-0.092204,0.28124,0.998,0.065,-0.013,-0.018
0.65,0.55899,-0.088386,0.27776,0.998,0.065,-0.013,-0.018
0.7,0.57286,-0.084669,0.27361,0.998,0.065,-0.013,-0.018
0.75,0.58652,-0.081091,0.26887,0.998,0.065,-0.013,-0.018
0.8,0.59988,-0.07767,0.2636,0.998,0.065,-0.013,-0.018
0.85,0.61287,-0.074413,0.25789,0.998,0.065,-0.013,-0.018
0.9,0.62543,-0.07132,0.2518,0.998,0.065,-0.013,-0.018
0.95,0.63751,-0.068387,0.24541,0.998,0.065,-0.013,-0.018
1,0.64906,-0.065611,0.23877,0.998,0.065,-0.013,-0.018
1.05,0.66004,-0.062986,0.23196,0.998,0.065,-0.013,-0.018
1.1,0.67041,-0.060506,0.22503,0.998,0.065,-0.013,-0.018
1.15,0.68012,-0.058164,0.21805,0.998,0.065,-0.013,-0.018
1.2,0.68914,-0.055952,0.21109,0.998,0.065,-0.013,-0.018
1.25,0.69744,-0.053862,0.20419,0.998,0.065,-0.013,-0.018
1.3,0.70499,-0.051884,0.19741,0.998,0.065,-0.013,-0.018
1.35,0.71176,-0.050006,0.19081,0.998,0.065,-0.013,-0.018
1.4,0.71773,-0.048213,0.18442,0.998,0.065,-0.013,-0.018
1.45,0.7229,-0.046488,0.17829,0.998,0.065,-0.013,-0.018
1.5,0.72725,-0.044811,0.17243,0.998,0.065,-0.013,-0.018
1.55,0.73078,-0.043157,0.16687,0.998,0.065,-0.013,-0.018
1.6,0.7335,-0.041498,0.16161,0.998,0.065,-0.013,-0.018
1.65,0.7354,-0.039799,0.15665,0.998,0.065,-0.013,-0.018
1.7,0.73653,-0.038033,0.15196,0.998,0.065,-0.013,-0.018
1.75,0.7369,-0.036171,0.14752,0.998,0.065,-0.013,-0.018
1.8,0.73655,-0.034184,0.14332,0.998,0.065,-0.013,-0.018
1.85,0.73552,-0.032048,0.13931,0.998,0.065,-0.013,-0.018
1.9,0.73384,-0.029741,0.13546,0.998,0.065,-0.013,-0.018
1.95,0.73157,-0.027249,0.13176,0.998,0.065,-0.013,-0.018
2,0.72875,-0.024561,0.12817,0.998,0.065,-0.013,-0.018
2.05,0.72543,-0.021675,0.12467,0.998,0.065,-0.013,-0.018
2.1,0.72167,-0.01859,0.12125,0.998,0.065,-0.013,-0.018
2.15,0.7175,-0.015311,0.11791,0.998,0.065,-0.013,-0.018
2.2,0.71299,-0.011846,0.11462,0.998,0.065,-0.013,-0.018
2.25,0.70818,-0.0082038,0.1114,0.998,0.065,-0.013,-0.018
2.3,0.70312,-0.0043966,0.10824,0.998,0.065,-0.013,-0.018
2.35,0.69787,-0.00043698,0.10514,0.998,0.065,-0.013,-0.018
2.4,0.69246,0.0036614,0.10211,0.998,0.065,-0.013,-0.018
2.45,0.68695,0.0078847,0.099159,0.998,0.065,-0.013,-0.018
2.5,0.68138,0.012219,0.096289,0.998,0.065,-0.013,-0.018
2.55,0.67581,0.016649,0.093512,0.998,0.065,-0.013,-0.018
2.6,0.67027,0.021162,0.090838,0.998,0.065,-0.013,-0.018
2.65,0.66482,0.025744,0.088281,0.998,0.065,-0.013,-0.018
2.7,0.65949,0.030383,0.085854,0.998,0.065,-0.013,-0.018
2.75,0.65435,0.035067,0.083574,0.998,0.065,-0.013,-0.018
2.8,0.64942,0.039786,0.08146,0.998,0.065,-0.013,-0.018
2.85,0.64475,0.044532,0.079533,0.998,0.065,-0.013,-0.018
2.9,0.64039,0.049298,0.077816,0.998,0.065,-0.013,-0.018
2.95,0.63636,0.05408,0.076336,0.998,0.065,-0.013,-0.018
3,0.63271,0.058877,0.07512,0.998,0.065,-0.013,-0.018
3.05,0.62945,0.063692,0.074199,0.998,0.065,-0.013,-0.018
3.1,0.62662,0.068529,0.073601,0.998,0.065,-0.013,-0.018
3.15,0.62423,0.073395,0.073357,0.998,0.065,-0.013,-0.018
3.2,0.62229,0.0783,0.073494,0.998,0.065,-0.013,-0.018
3.25,0.62081,0.083254,0.074036,0.998,0.065,-0.013,-0.018
3.3,0.61979,0.088267,0.075002,0.998,0.065,-0.013,-0.018
3.35,0.61923,0.09335,0.0764,0.998,0.065,-0.013,-0.018
3.4,0.6191,0.098514,0.078231,0.998,0.065,-0.013,-0.018
3.45,0.6194,0.10377,0.08049,0.998,0.065,-0.013,-0.018
3.5,0.62011,0.10911,0.083162,0.998,0.065,-0.013,-0.018
3.55,0.62121,0.11454,0.086225,0.998,0.065,-0.013,-0.018
3.6,0.62269,0.12005,0.089651,0.998,0.065,-0.013,-0.018
3.65,0.62452,0.12564,0.093403,0.998,0.065,-0.013,-0.018
3.7,0.6267,0.1313,0.09744,0.998,0.065,-0.013,-0.018
3.75,0.62918,0.13701,0.10172,0.998,0.065,-0.013,-0.018
3.8,0.63195,0.14277,0.10618,0.998,0.065,-0.013,-0.018
3.85,0.63498,0.14854,0.11079,0.998,0.065,-0.013,-0.018
3.9,0.63825,0.15432,0.11547,0.998,0.065,-0.013,-0.018
3.95,0.64172,0.1601,0.12018,0.998,0.065,-0.013,-0.018
4,0.64538,0.16584,0.12485,0.998,0.065,-0.013,-0.018
4.05,0.64918,0.17153,0.12943,0.998,0.065,-0.013,-0.018
4.1,0.65309,0.17715,0.13385,0.998,0.065,-0.013,-0.018
4.15,0.6571,0.18267,0.13806,0.998,0.065,-0.013,-0.018
4.2,0.66116,0.18808,0.14199,0.998,0.065,-0.013,-0.018
4.25,0.66523,0.19336,0.14558,0.998,0.065,-0.013,-0.018
4.3,0.66928,0.19847,0.14879,0.998,0.065,-0.013,-0.018
4.35,0.67323,0.20341,0.15159,0.998,0.065,-0.013,-0.018
4.4,0.67704,0.20813,0.15395,0.998,0.065,-0.013,-0.018
4.45,0.68067,0.21264,0.15589,0.998,0.065,-0.013,-0.018
4.5,0.68407,0.21691,0.15745,0.998,0.065,-0.013,-0.018
4.55,0.68727,0.22096,0.15867,0.998,0.065,-0.013,-0.018
4.6,0.69026,0.22478,0.1596,0.998,0.065,-0.013,-0.018
4.65,0.6931,0.22838,0.16025,0.998,0.065,-0.013,-0.018
4.7,0.6958,0.23178,0.16066,0.998,0.065,-0.013,-0.018
4.75,0.69842,0.23499,0.16082,0.998,0.065,-0.013,-0.018
4.8,0.70099,0.23802,0.16073,0.998,0.065,-0.013,-0.018
4.85,0.70354,0.24087,0.16038,0.998,0.065,-0.013,-0.018
4.9,0.70612,0.24357,0.15976,0.998,0.065,-0.013,-0.018
4.95,0.70874,0.24611,0.15883,0.998,0.065,-0.013,-0.018
5,0.71143,0.24849,0.15756,0.998,0.065,-0.013,-0.018
