0.05,0.42062,-0.12626,0.2903,0.998,0.065,-0.013,-0.018
0.1,0.43073,-0.12429,0.29158,0.998,0.065,-0.013,-0.018
0.15,0.44112,-0.12217,0.29273,0.998,0.065,-0.013,-0.018
0.2,0.45182,-0.11986,0.29371,0.998,0.065,-0.013,-0.018
0.25,0.46283,-0.11735,0.29446,0.998,0.065,-0.013,-0.018
0.3,0.47416,-0.11463,0.29489,0.998,0.065,-0.013,-0.018
0.35,0.48583,-0.1117,0.29493,0.998,0.065,-0.013,-0.018
0.4,0.49784,-0.10854,0.29449,0.998,0.065,-0.013,-0.018
0.45,0.51019,-0.10519,0.29349,0.998,0.065,-0.013,-0.018
0.5,0.52285,-0.10167,0.29185,0.998,0.065,-0.013,-0.018
0.55,0.53576,-0.09804,0.28952,0.998,0.065,-0.013,-0.018
0.6,0.54886,-0.094367,0.28646,0.998,0.065,-0.013,-0.018
0.65,0.56203,-0.090723,0.28269,0.998,0.065,-0.013,-0.018
0.7,0.57514,-0.087168,0.27826,0.998,0.065,-0.013,-0.018
0.75,0.58809,-0.083736,0.27324,0.998,0.065,-0.013,-0.018
0.8,0.60079,-0.080442,0.2677,0.998,0.065,-0.013,-0.018
0.85,0.61319,-0.077292,0.26173,0.998,0.065,-0.013,-0.018
0.9,0.62521,-0.074284,0.2554,0.998,0.065,-0.013,-0.018
0.95,0.63682,-0.071413,0.24876,0.998,0.065,-0.013,-0.018
1,0.64798,-0.068675,0.2419,0.998,0.065,-0.013,-0.018
1.05,0.65863,-0.066062,0.23487,0.998,0.065,-0.013,-0.018
1.1,0.66874,-0.063569,0.22773,0.998,0.065,-0.013,-0.018
1.15,0.67827,-0.061189,0.22056,0.998,0.065,-0.013,-0.018
1.2,0.68719,-0.058913,0.21341,0.998,0.065,-0.013,-0.018
1.25,0.69546,-0.056733,0.20634,0.998,0.065,-0.013,-0.018
1.3,0.70304,-0.054639,0.1994,0.998,0.065,-0.013,-0.018
1.35,0.70992,-0.05262,0.19265,0.998,0.065,-0.013,-0.018
1.4,0.71608,-0.050661,0.18612,0.998,0.065,-0.013,-0.018
1.45,0.7215,-0.048747,0.17986,0.998,0.065,-0.013,-0.018
1.5,0.72617,-0.046856,0.17388,0.998,0.065,-0.013,-0.018
1.55,0.73009,-0.044966,0.16822,0.998,0.065,-0.013,-0.018
1.6,0.73326,-0.043045,0.16286,0.998,0.065,-0.013,-0.018
1.65,0.7357,-0.04106,0.1578,0.998,0.065,-0.013,-0.018
1.7,0.73742,-0.038984,0.15304,0.998,0.065,-0.013,-0.018
1.75,0.73845,-0.036789,0.14854,0.998,0.065,-0.013,-0.018
1.8,0.73883,-0.034448,0.14428,0.998,0.065,-0.013,-0.018
1.85,0.73858,-0.031938,0.14023,0.998,0.065,-0.013,-0.018
1.9,0.73774,-0.029241,0.13636,0.998,0.065,-0.013,-0.018
1.95,0.73634,-0.026344,0.13264,0.998,0.065,-0.013,-0.018
2,0.73444,-0.023241,0.12905,0.998,0.065,-0.013,-0.018
2.05,0.73206,-0.019933,0.12557,0.998,0.065,-0.013,-0.018
2.1,0.72924,-0.016424,0.12218,0.998,0.065,-0.013,-0.018
2.15,0.72602,-0.012724,0.11887,0.998,0.065,-0.013,-0.018
2.2,0.72244,-0.0088454,0.11564,0.998,0.065,-0.013,-0.018
2.25,0.71853,-0.0048029,0.11248,0.998,0.065,-0.013,-0.018
2.3,0.71432,-0.00061347,0.1094,0.998,0.065,-0.013,-0.018
2.35,0.70986,0.0037048,0.10638,0.998,0.065,-0.013,-0.018
2.4,0.70518,0.0081332,0.10345,0.998,0.065,-0.013,-0.018
2.45,0.7003,0.012652,0.1006,0.998,0.065,-0.013,-0.018
2.5,0.69526,0.017243,0.097844,0.998,0.065,-0.013,-0.018
2.55,0.6901,0.021886,0.095185,0.998,0.065,-0.013,-0.018
2.6,0.68485,0.026563,0.092637,0.998,0.065,-0.013,-0.018
2.65,0.67953,0.031256,0.09021,0.998,0.065,-0.013,-0.018
2.7,0.6742,0.035947,0.087918,0.998,0.065,-0.013,-0.018
2.75,0.66887,0.040621,0.085777,0.998,0.065,-0.013,-0.018
2.8,0.66358,0.045264,0.083805,0.998,0.065,-0.013,-0.018
2.85,0.65838,0.049865,0.082022,0.998,0.065,-0.013,-0.018
2.9,0.65328,0.054416,0.08045,0.998,0.065,-0.013,-0.018
2.95,0.64833,0.058911,0.079116,0.998,0.065,-0.013,-0.018
3,0.64356,0.063349,0.078046,0.998,0.065,-0.013,-0.018
3.05,0.63899,0.067733,0.077269,0.998,0.065,-0.013,-0.018
3.1,0.63465,0.072069,0.076815,0.998,0.065,-0.013,-0.018
3.15,0.63057,0.076367,0.076713,0.998,0.065,-0.013,-0.018
3.2,0.62677,0.080637,0.07699,0.998,0.065,-0.013,-0.018
3.25,0.62324,0.084892,0.07767,0.998,0.065,-0.013,-0.018
3.3,0.62001,0.089141,0.078771,0.998,0.065,-0.013,-0.018
3.35,0.61707,0.093401,0.080301,0.998,0.065,-0.013,-0.018
3.4,0.6144,0.097683,0.082263,0.998,0.065,-0.013,-0.018
3.45,0.612,0.10199,0.084649,0.998,0.065,-0.013,-0.018
3.5,0.60985,0.10633,0.087446,0.998,0.065,-0.013,-0.018
3.55,0.60793,0.1107,0.090632,0.998,0.065,-0.013,-0.018
3.6,0.60622,0.11509,0.094178,0.998,0.065,-0.013,-0.018
3.65,0.60469,0.11949,0.098047,0.998,0.065,-0.013,-0.018
3.7,0.60332,0.1239,0.1022,0.998,0.065,-0.013,-0.018
3.75,0.60208,0.12829,0.10659,0.998,0.065,-0.013,-0.018
3.8,0.60095,0.13265,0.11116,0.998,0.065,-0.013,-0.018
3.85,0.5999,0.13698,0.11587,0.998,0.065,-0.013,-0.018
3.9,0.5989,0.14124,0.12066,0.998,0.065,-0.013,-0.018
3.95,0.59794,0.14542,0.12547,0.998,0.065,-0.013,-0.018
4,0.59698,0.14951,0.13024,0.998,0.065,-0.013,-0.018
4.05,0.596,0.15349,0.13491,0.998,0.065,-0.013,-0.018
4.1,0.59498,0.15734,0.13943,0.998,0.065,-0.013,-0.018
4.15,0.5939,0.16104,0.14372,0.998,0.065,-0.013,-0.018
4.2,0.59272,0.16457,0.14774,0.998,0.065,-0.013,-0.018
4.25,0.59142,0.16791,0.15142,0.998,0.065,-0.013,-0.018
4.3,0.58997,0.17105,0.15472,0.998,0.065,-0.013,-0.018
4.35,0.58833,0.17396,0.15759,0.998,0.065,-0.013,-0.018
4.4,0.58646,0.17664,0.16003,0.998,0.065,-0.013,-0.018
4.45,0.58435,0.17908,0.16205,0.998,0.065,-0.013,-0.018
4.5,0.58196,0.18127,0.16369,0.998,0.065,-0.013,-0.018
4.55,0.57932,0.18321,0.16499,0.998,0.065,-0.013,-0.018
4.6,0.57643,0.1849,0.166,0.998,0.065,-0.013,-0.018
4.65,0.57333,0.18637,0.16673,0.998,0.065,-0.013,-0.018
4.7,0.57005,0.18761,0.16721,0.998,0.065,-0.013,-0.018
4.75,0.56665,0.18865,0.16745,0.998,0.065,-0.013,-0.018
4.8,0.56317,0.18949,0.16743,0.998,0.065,-0.013,-0.018
4.85,0.55964,0.19015,0.16716,0.998,0.065,-0.013,-0.018
4.9,0.5561,0.19064,0.16661,0.998,0.065,-0.013,-0.018
4.95,0.55261,0.19097,0.16576,0.998,0.065,-0.013,-0.018
5,0.54917,0.19114,0.16456,0.998,0.065,-0.013,-0.018
