0.05,0.52769,-0.11312,0.46639,0.949,-0.314,-0.027,-0.013
0.1,0.62117,-0.13445,0.34672,0.949,-0.314,-0.027,-0.013
0.15,0.62473,-0.1332,0.34637,0.949,-0.314,-0.027,-0.013
0.2,0.62824,-0.13194,0.34607,0.949,-0.314,-0.027,-0.013
0.25,0.6317,-0.13067,0.34583,0.949,-0.314,-0.027,-0.013
0.3,0.63511,-0.12939,0.34563,0.949,-0.314,-0.027,-0.013
0.35,0.63845,-0.1281,0.34547,0.949,-0.314,-0.027,-0.013
0.4,0.64171,-0.12679,0.34532,0.949,-0.314,-0.027,-0.013
0.45,0.64489,-0.12548,0.34515,0.949,-0.314,-0.027,-0.013
0.5,0.64797,-0.12417,0.34492,0.949,-0.314,-0.027,-0.013
0.55,0.65096,-0.12286,0.34453,0.949,-0.314,-0.027,-0.013
0.6,0.65384,-0.12158,0.34389,0.949,-0.314,-0.027,-0.013
0.65,0.65665,-0.12035,0.34283,0.949,-0.314,-0.027,-0.013
0.7,0.6594,-0.11919,0.34114,0.949,-0.314,-0.027,-0.013
0.75,0.66216,-0.11815,0.33858,0.949,-0.314,-0.027,-0.013
0.8,0.66502,-0.11726,0.3349,0.949,-0.314,-0.027,-0.013
0.85,0.66807,-0.11657,0.32989,0.949,-0.314,-0.027,-0.013
0.9,0.67144,-0.1161,0.32343,0.949,-0.314,-0.027,-0.013
0.95,0.67521,-0.11586,0.31555,0.949,-0.314,-0.027,-0.013
1,0.67944,-0.11583,0.30645,0.949,-0.314,-0.027,-0.013
1.05,0.68413,-0.11597,0.29641,0.949,-0.314,-0.027,-0.013
1.1,0.68924,-0.11623,0.28577,0.949,-0.314,-0.027,-0.013
1.15,0.69471,-0.11657,0.27482,0.949,-0.314,-0.027,-0.013
1.2,0.70045,-0.11693,0.26379,0.949,-0.314,-0.027,-0.013
1.25,0.70638,-0.1173,0.25278,0.949,-0.314,-0.027,-0.013
1.3,0.71245,-0.11765,0.24186,0.949,-0.314,-0.027,-0.013
1.35,0.71858,-0.11799,0.23101,0.949,-0.314,-0.027,-0.013
1.4,0.72469,-0.1183,0.2202,0.949,-0.314,-0.027,-0.013
1.45,0.73067,-0.11858,0.20943,0.949,-0.314,-0.027,-0.013
1.5,0.73635,-0.11882,0.19872,0.949,-0.314,-0.027,-0.013
1.55,0.7415,-0.11901,0.18817,0.949,-0.314,-0.027,-0.013
1.6,0.74584,-0.11914,0.17796,0.949,-0.314,-0.027,-0.013
1.65,0.74912,-0.11919,0.16832,0.949,-0.314,-0.027,-0.013
1.7,0.75118,-0.11917,0.1595,0.949,-0.314,-0.027,-0.013
1.75,0.75208,-0.11907,0.15164,0.949,-0.314,-0.027,-0.013
1.8,0.75203,-0.11892,0.14474,0.949,-0.314,-0.027,-0.013
1.85,0.75136,-0.11873,0.13867,0.949,-0.314,-0.027,-0.013
1.9,0.7504,-0.11853,0.13321,0.949,-0.314,-0.027,-0.013
1.95,0.74939,-0.11834,0.12816,0.949,-0.314,-0.027,-0.013
2,0.74848,-0.11815,0.12333,0.949,-0.314,-0.027,-0.013
2.05,0.74774,-0.11798,0.1186,0.949,-0.314,-0.027,-0.013
2.1,0.74719,-0.11783,0.1139,0.949,-0.314,-0.027,-0.013
2.15,0.74682,-0.11768,0.1092,0.949,-0.314,-0.027,-0.013
2.2,0.74659,-0.11754,0.10445,0.949,-0.314,-0.027,-0.013
2.25,0.74649,-0.11741,0.099662,0.949,-0.314,-0.027,-0.013
2.3,0.74648,-0.11727,0.094812,0.949,-0.314,-0.027,-0.013
2.35,0.74655,-0.11713,0.089892,0.949,-0.314,-0.027,-0.013
2.4,0.74667,-0.11697,0.084879,0.949,-0.314,-0.027,-0.013
2.45,0.74684,-0.11678,0.079742,0.949,-0.314,-0.027,-0.013
2.5,0.74703,-0.11654,0.074435,0.949,-0.314,-0.027,-0.013
2.55,0.74725,-0.11622,0.068905,0.949,-0.314,-0.027,-0.013
2.6,0.74748,-0.11578,0.063111,0.949,-0.314,-0.027,-0.013
2.65,0.74771,-0.11519,0.057076,0.949,-0.314,-0.027,-0.013
2.7,0.74795,-0.11444,0.050981,0.949,-0.314,-0.027,-0.013
2.75,0.74817,-0.11355,0.045303,0.949,-0.314,-0.027,-0.013
2.8,0.7484,-0.11268,0.040881,0.949,-0.314,-0.027,-0.013
2.85,0.74862,-0.11209,0.038734,0.949,-0.314,-0.027,-0.013
2.9,0.74886,-0.11203,0.039563,0.949,-0.314,-0.027,-0.013
2.95,0.74913,-0.11265,0.043298,0.949,-0.314,-0.027,-0.013
3,0.74942,-0.11391,0.04918,0.949,-0.314,-0.027,-0.013
3.05,0.74973,-0.11564,0.056258,0.949,-0.314,-0.027,-0.013
3.1,0.75007,-0.11765,0.063796,0.949,-0.314,-0.027,-0.013
3.15,0.75041,-0.11982,0.071377,0.949,-0.314,-0.027,-0.013
3.2,0.75075,-0.12205,0.078828,0.949,-0.314,-0.027,-0.013
3.25,0.75111,-0.12432,0.08611,0.949,-0.314,-0.027,-0.013
3.3,0.75146,-0.1266,0.09325,0.949,-0.314,-0.027,-0.013
3.35,0.75181,-0.1289,0.1003,0.949,-0.314,-0.027,-0.013
3.4,0.75217,-0.13121,0.1073,0.949,-0.314,-0.027,-0.013
3.45,0.75252,-0.13356,0.11432,0.949,-0.314,-0.027,-0.013
3.5,0.75287,-0.13596,0.1214,0.949,-0.314,-0.027,-0.013
3.55,0.75322,-0.13845,0.12859,0.949,-0.314,-0.027,-0.013
3.6,0.75357,-0.14107,0.13588,0.949,-0.314,-0.027,-0.013
3.65,0.7539,-0.14389,0.14321,0.949,-0.314,-0.027,-0.013
3.7,0.75422,-0.14697,0.15036,0.949,-0.314,-0.027,-0.013
3.75,0.75453,-0.15034,0.15686,0.949,-0.314,-0.027,-0.013
3.8,0.7548,-0.15396,0.16191,0.949,-0.314,-0.027,-0.013
3.85,0.75504,-0.15767,0.16457,0.949,-0.314,-0.027,-0.013
3.9,0.75526,-0.16116,0.1642,0.949,-0.314,-0.027,-0.013
3.95,0.75547,-0.16414,0.16092,0.949,-0.314,-0.027,-0.013
4,0.75568,-0.16648,0.15558,0.949,-0.314,-0.027,-0.013
4.05,0.75591,-0.16823,0.14926,0.949,-0.314,-0.027,-0.013
4.1,0.75616,-0.16956,0.14276,0.949,-0.314,-0.027,-0.013
4.15,0.75642,-0.1706,0.13649,0.949,-0.314,-0.027,-0.013
4.2,0.7567,-0.1715,0.13055,0.949,-0.314,-0.027,-0.013
4.25,0.75698,-0.17231,0.12492,0.949,-0.314,-0.027,-0.013
4.3,0.75727,-0.17308,0.11954,0.949,-0.314,-0.027,-0.013
4.35,0.75756,-0.17383,0.11433,0.949,-0.314,-0.027,-0.013
4.4,0.75785,-0.17457,0.10923,0.949,-0.314,-0.027,-0.013
4.45,0.75814,-0.17531,0.10421,0.949,-0.314,-0.027,-0.013
4.5,0.75844,-0.17604,0.099235,0.949,-0.314,-0.027,-0.013
4.55,0.75873,-0.17678,0.094286,0.949,-0.314,-0.027,-0.013
4.6,0.75903,-0.17752,0.089353,0.949,-0.314,-0.027,-0.013
4.65,0.75932,-0.17825,0.08443,0.949,-0.314,-0.027,-0.013
4.7,0.75961,-0.17899,0.079512,0.949,-0.314,-0.027,-0.013
4.75,0.75991,-0.17973,0.074597,0.949,-0.314,-0.027,-0.013
4.8,0.7602,-0.18047,0.069684,0.949,-0.314,-0.027,-0.013
4.85,0.7605,-0.1812,0.064773,0.949,-0.314,-0.027,-0.013
4.9,0.76079,-0.18194,0.059861,0.949,-0.314,-0.027,-0.013
4.95,0.76108,-0.18268,0.05495,0.949,-0.314,-0.027,-0.013
5,0.76238,-0.17738,0.048991,0.949,-0.314,-0.027,-0.013
