0.05,0.49727,0.50472,0.1371,0.746,-0.666,-0.012,0.004
0.1,0.49591,0.49371,0.13964,0.746,-0.666,-0.012,0.004
0.15,0.49455,0.48281,0.14209,0.746,-0.666,-0.012,0.004
0.2,0.49321,0.47206,0.14445,0.746,-0.666,-0.012,0.004
0.25,0.49188,0.46152,0.14672,0.746,-0.666,-0.012,0.004
0.3,0.49059,0.45122,0.14889,0.746,-0.666,-0.012,0.004
0.35,0.48933,0.4412,0.15094,0.746,-0.666,-0.012,0.004
0.4,0.48812,0.43148,0.15285,0.746,-0.666,-0.012,0.004
0.45,0.48696,0.42208,0.15463,0.746,-0.666,-0.012,0.004
0.5,0.48587,0.41299,0.15625,0.746,-0.666,-0.012,0.004
0.55,0.48485,0.40422,0.15771,0.746,-0.666,-0.012,0.004
0.6,0.48392,0.3958,0.15898,0.746,-0.666,-0.012,0.004
0.65,0.48309,0.38778,0.16008,0.746,-0.666,-0.012,0.004
0.7,0.48236,0.38021,0.16098,0.746,-0.666,-0.012,0.004
0.75,0.48172,0.37314,0.1617,0.746,-0.666,-0.012,0.004
0.8,0.48118,0.36654,0.16221,0.746,-0.666,-0.012,0.004
0.85,0.48072,0.36041,0.16253,0.746,-0.666,-0.012,0.004
0.9,0.48035,0.35471,0.16266,0.746,-0.666,-0.012,0.004
0.95,0.48007,0.34939,0.16259,0.746,-0.666,-0.012,0.004
1,0.47989,0.3444,0.16234,0.746,-0.666,-0.012,0.004
1.05,0.47982,0.33972,0.16191,0.746,-0.666,-0.012,0.004
1.1,0.47989,0.33533,0.16128,0.746,-0.666,-0.012,0.004
1.15,0.4801,0.33118,0.16046,0.746,-0.666,-0.012,0.004
1.2,0.48045,0.32728,0.15943,0.746,-0.666,-0.012,0.004
1.25,0.48097,0.32359,0.1582,0.746,-0.666,-0.012,0.004
1.3,0.48165,0.3201,0.15676,0.746,-0.666,-0.012,0.004
1.35,0.4825,0.31679,0.1551,0.746,-0.666,-0.012,0.004
1.4,0.48353,0.31363,0.15324,0.746,-0.666,-0.012,0.004
1.45,0.48474,0.31063,0.15115,0.746,-0.666,-0.012,0.004
1.5,0.48613,0.30775,0.14886,0.746,-0.666,-0.012,0.004
1.55,0.48771,0.30499,0.14636,0.746,-0.666,-0.012,0.004
1.6,0.48948,0.30235,0.14366,0.746,-0.666,-0.012,0.004
1.65,0.49145,0.29982,0.14077,0.746,-0.666,-0.012,0.004
1.7,0.49361,0.2974,0.13768,0.746,-0.666,-0.012,0.004
1.75,0.49597,0.29509,0.13442,0.746,-0.666,-0.012,0.004
1.8,0.49855,0.29289,0.13099,0.746,-0.666,-0.012,0.004
1.85,0.50133,0.29079,0.12741,0.746,-0.666,-0.012,0.004
1.9,0.50434,0.28878,0.12371,0.746,-0.666,-0.012,0.004
1.95,0.50758,0.28682,0.11991,0.746,-0.666,-0.012,0.004
2,0.51104,0.2849,0.11606,0.746,-0.666,-0.012,0.004
2.05,0.51474,0.28297,0.11217,0.746,-0.666,-0.012,0.004
2.1,0.51865,0.28102,0.10826,0.746,-0.666,-0.012,0.004
2.15,0.52276,0.27903,0.10436,0.746,-0.666,-0.012,0.004
2.2,0.52708,0.27702,0.10046,0.746,-0.666,-0.012,0.004
2.25,0.53159,0.27498,0.096565,0.746,-0.666,-0.012,0.004
2.3,0.53627,0.27291,0.092685,0.746,-0.666,-0.012,0.004
2.35,0.54112,0.27082,0.088825,0.746,-0.666,-0.012,0.004
2.4,0.54613,0.26871,0.084995,0.746,-0.666,-0.012,0.004
2.45,0.55128,0.26657,0.081209,0.746,-0.666,-0.012,0.004
2.5,0.55656,0.26441,0.077483,0.746,-0.666,-0.012,0.004
2.55,0.56195,0.26223,0.073833,0.746,-0.666,-0.012,0.004
2.6,0.56743,0.26003,0.07027,0.746,-0.666,-0.012,0.004
2.65,0.57299,0.25781,0.066799,0.746,-0.666,-0.012,0.004
2.7,0.57861,0.25557,0.063423,0.746,-0.666,-0.012,0.004
2.75,0.58427,0.25333,0.060142,0.746,-0.666,-0.012,0.004
2.8,0.58998,0.2511,0.056955,0.746,-0.666,-0.012,0.004
2.85,0.59571,0.24888,0.053861,0.746,-0.666,-0.012,0.004
2.9,0.60146,0.24668,0.050862,0.746,-0.666,-0.012,0.004
2.95,0.60722,0.2445,0.047958,0.746,-0.666,-0.012,0.004
3,0.61297,0.24236,0.045153,0.746,-0.666,-0.012,0.004
3.05,0.61871,0.24026,0.042452,0.746,-0.666,-0.012,0.004
3.1,0.62443,0.2382,0.039861,0.746,-0.666,-0.012,0.004
3.15,0.63011,0.23618,0.037391,0.746,-0.666,-0.012,0.004
3.2,0.63576,0.23421,0.03505,0.746,-0.666,-0.012,0.004
3.25,0.64136,0.2323,0.032851,0.746,-0.666,-0.012,0.004
3.3,0.6469,0.23043,0.030806,0.746,-0.666,-0.012,0.004
3.35,0.65237,0.22862,0.028928,0.746,-0.666,-0.012,0.004
3.4,0.65775,0.22687,0.027228,0.746,-0.666,-0.012,0.004
3.45,0.66304,0.22517,0.025715,0.746,-0.666,-0.012,0.004
3.5,0.66823,0.22353,0.024396,0.746,-0.666,-0.012,0.004
3.55,0.67329,0.22195,0.023274,0.746,-0.666,-0.012,0.004
3.6,0.67823,0.22044,0.022347,0.746,-0.666,-0.012,0.004
3.65,0.68303,0.21899,0.02161,0.746,-0.666,-0.012,0.004
3.7,0.68767,0.21762,0.021056,0.746,-0.666,-0.012,0.004
3.75,0.69214,0.21632,0.020674,0.746,-0.666,-0.012,0.004
3.8,0.69645,0.2151,0.020453,0.746,-0.666,-0.012,0.004
3.85,0.70058,0.21396,0.02038,0.746,-0.666,-0.012,0.004
3.9,0.70453,0.2129,0.020441,0.746,-0.666,-0.012,0.004
3.95,0.70829,0.21193,0.020623,0.746,-0.666,-0.012,0.004
4,0.71186,0.21104,0.020914,0.746,-0.666,-0.012,0.004
4.05,0.71524,0.21023,0.021299,0.746,-0.666,-0.012,0.004
4.1,0.71843,0.2095,0.021768,0.746,-0.666,-0.012,0.004
4.15,0.72143,0.20885,0.022308,0.746,-0.666,-0.012,0.004
4.2,0.72423,0.20827,0.02291,0.746,-0.666,-0.012,0.004
4.25,0.72683,0.20776,0.023561,0.746,-0.666,-0.012,0.004
4.3,0.72924,0.20732,0.024253,0.746,-0.666,-0.012,0.004
4.35,0.73145,0.20695,0.024975,0.746,-0.666,-0.012,0.004
4.4,0.73346,0.20662,0.025716,0.746,-0.666,-0.012,0.004
4.45,0.73526,0.20634,0.026466,0.746,-0.666,-0.012,0.004
4.5,0.73685,0.2061,0.027212,0.746,-0.666,-0.012,0.004
4.55,0.73822,0.20587,0.027944,0.746,-0.666,-0.012,0.004
4.6,0.73938,0.20567,0.028654,0.746,-0.666,-0.012,0.004
4.65,0.74034,0.20548,0.02934,0.746,-0.666,-0.012,0.004
4.7,0.74111,0.20531,0.030004,0.746,-0.666,-0.012,0.004
4.75,0.7417,0.20515,0.030648,0.746,-0.666,-0.012,0.004
4.8,0.74213,0.20502,0.031274,0.746,-0.666,-0.012,0.004
4.85,0.74241,0.2049,0.031885,0.746,-0.666,-0.012,0.004
4.9,0.74256,0.20478,0.032481,0.746,-0.666,-0.012,0.004
4.95,0.74257,0.20468,0.033058,0.746,-0.666,-0.012,0.004
5,0.74247,0.20457,0.033614,0.746,-0.666,-0.012,0.004
