0.05,0.84026,-0.18407,0.34264,0.746,-0.666,-0.012,0.004
0.1,0.83063,-0.17448,0.34038,0.746,-0.666,-0.012,0.004
0.15,0.82101,-0.16485,0.33805,0.746,-0.666,-0.012,0.004
0.2,0.81145,-0.15522,0.33565,0.746,-0.666,-0.012,0.004
0.25,0.80196,-0.14561,0.33318,0.746,-0.666,-0.012,0.004
0.3,0.79257,-0.13603,0.33064,0.746,-0.666,-0.012,0.004
0.35,0.78331,-0.1265,0.32804,0.746,-0.666,-0.012,0.004
0.4,0.7742,-0.11702,0.32535,0.746,-0.666,-0.012,0.004
0.45,0.76524,-0.10758,0.32259,0.746,-0.666,-0.012,0.004
0.5,0.75646,-0.098177,0.31972,0.746,-0.666,-0.012,0.004
0.55,0.74786,-0.0888,0.31675,0.746,-0.666,-0.012,0.004
0.6,0.73949,-0.079481,0.31368,0.746,-0.666,-0.012,0.004
0.65,0.73139,-0.070277,0.31053,0.746,-0.666,-0.012,0.004
0.7,0.72361,-0.061249,0.30731,0.746,-0.666,-0.012,0.004
0.75,0.71619,-0.052442,0.30405,0.746,-0.666,-0.012,0.004
0.8,0.70913,-0.043878,0.30073,0.746,-0.666,-0.012,0.004
0.85,0.70241,-0.03556,0.29737,0.746,-0.666,-0.012,0.004
0.9,0.69602,-0.02747,0.29395,0.746,-0.666,-0.012,0.004
0.95,0.68992,-0.019582,0.29045,0.746,-0.666,-0.012,0.004
1,0.68407,-0.011867,0.28685,0.746,-0.666,-0.012,0.004
1.05,0.67847,-0.0043031,0.28313,0.746,-0.666,-0.012,0.004
1.1,0.6731,0.0031215,0.27929,0.746,-0.666,-0.012,0.004
1.15,0.66796,0.010415,0.2753,0.746,-0.666,-0.012,0.004
1.2,0.66304,0.017581,0.27116,0.746,-0.666,-0.012,0.004
1.25,0.65834,0.024622,0.26687,0.746,-0.666,-0.012,0.004
1.3,0.65387,0.031539,0.2624,0.746,-0.666,-0.012,0.004
1.35,0.64963,0.038331,0.25778,0.746,-0.666,-0.012,0.004
1.4,0.64562,0.044996,0.25297,0.746,-0.666,-0.012,0.004
1.45,0.64184,0.05153,0.248,0.746,-0.666,-0.012,0.004
1.5,0.63829,0.057929,0.24285,0.746,-0.666,-0.012,0.004
1.55,0.63497,0.064184,0.23754,0.746,-0.666,-0.012,0.004
1.6,0.63189,0.070286,0.23206,0.746,-0.666,-0.012,0.004
1.65,0.62905,0.076224,0.22643,0.746,-0.666,-0.012,0.004
1.7,0.62646,0.081985,0.22065,0.746,-0.666,-0.012,0.004
1.75,0.62412,0.087558,0.21472,0.746,-0.666,-0.012,0.004
1.8,0.62205,0.09293,0.20865,0.746,-0.666,-0.012,0.004
1.85,0.62024,0.098094,0.20246,0.746,-0.666,-0.012,0.004
1.9,0.61868,0.10305,0.19614,0.746,-0.666,-0.012,0.004
1.95,0.61738,0.1078,0.18971,0.746,-0.666,-0.012,0.004
2,0.6163,0.11236,0.18317,0.746,-0.666,-0.012,0.004
2.05,0.61542,0.11675,0.17653,0.746,-0.666,-0.012,0.004
2.1,0.61472,0.12099,0.16981,0.746,-0.666,-0.012,0.004
2.15,0.6142,0.1251,0.16303,0.746,-0.666,-0.012,0.004
2.2,0.61385,0.12906,0.15622,0.746,-0.666,-0.012,0.004
2.25,0.61369,0.13288,0.14939,0.746,-0.666,-0.012,0.004
2.3,0.61372,0.13655,0.14258,0.746,-0.666,-0.012,0.004
2.35,0.61394,0.14008,0.13581,0.746,-0.666,-0.012,0.004
2.4,0.61437,0.14345,0.12912,0.746,-0.666,-0.012,0.004
2.45,0.615,0.14667,0.12253,0.746,-0.666,-0.012,0.004
2.5,0.61583,0.14973,0.11607,0.746,-0.666,-0.012,0.004
2.55,0.61685,0.15264,0.10977,0.746,-0.666,-0.012,0.004
2.6,0.61806,0.15541,0.10365,0.746,-0.666,-0.012,0.004
2.65,0.61945,0.15803,0.097709,0.746,-0.666,-0.012,0.004
2.7,0.62104,0.1605,0.091968,0.746,-0.666,-0.012,0.004
2.75,0.62283,0.16284,0.086431,0.746,-0.666,-0.012,0.004
2.8,0.62482,0.16503,0.081102,0.746,-0.666,-0.012,0.004
2.85,0.62702,0.16707,0.075982,0.746,-0.666,-0.012,0.004
2.9,0.62944,0.16898,0.071076,0.746,-0.666,-0.012,0.004
2.95,0.63208,0.17075,0.066385,0.746,-0.666,-0.012,0.004
3,0.63493,0.17238,0.061912,0.746,-0.666,-0.012,0.004
3.05,0.63799,0.17389,0.05766,0.746,-0.666,-0.012,0.004
3.1,0.64125,0.17527,0.053632,0.746,-0.666,-0.012,0.004
3.15,0.6447,0.17654,0.049835,0.746,-0.666,-0.012,0.004
3.2,0.64831,0.1777,0.046271,0.746,-0.666,-0.012,0.004
3.25,0.65207,0.17877,0.042948,0.746,-0.666,-0.012,0.004
3.3,0.65594,0.17975,0.039869,0.746,-0.666,-0.012,0.004
3.35,0.65992,0.18067,0.037041,0.746,-0.666,-0.012,0.004
3.4,0.66396,0.18152,0.034468,0.746,-0.666,-0.012,0.004
3.45,0.66804,0.18232,0.032152,0.746,-0.666,-0.012,0.004
3.5,0.67213,0.18308,0.030095,0.746,-0.666,-0.012,0.004
3.55,0.67623,0.18381,0.028295,0.746,-0.666,-0.012,0.004
3.6,0.6803,0.18452,0.026751,0.746,-0.666,-0.012,0.004
3.65,0.68433,0.1852,0.025455,0.746,-0.666,-0.012,0.004
3.7,0.6883,0.18586,0.024402,0.746,-0.666,-0.012,0.004
3.75,0.69222,0.18651,0.023581,0.746,-0.666,-0.012,0.004
3.8,0.69606,0.18715,0.022983,0.746,-0.666,-0.012,0.004
3.85,0.69982,0.18777,0.022597,0.746,-0.666,-0.012,0.004
3.9,0.70348,0.18838,0.022409,0.746,-0.666,-0.012,0.004
3.95,0.70705,0.18897,0.022408,0.746,-0.666,-0.012,0.004
4,0.71052,0.18956,0.02258,0.746,-0.666,-0.012,0.004
4.05,0.71388,0.19013,0.022912,0.746,-0.666,-0.012,0.004
4.1,0.71713,0.19069,0.023392,0.746,-0.666,-0.012,0.004
4.15,0.72026,0.19124,0.024006,0.746,-0.666,-0.012,0.004
4.2,0.72326,0.19177,0.024743,0.746,-0.666,-0.012,0.004
4.25,0.72614,0.1923,0.025589,0.746,-0.666,-0.012,0.004
4.3,0.72888,0.19281,0.026534,0.746,-0.666,-0.012,0.004
4.35,0.73148,0.19332,0.027563,0.746,-0.666,-0.012,0.004
4.4,0.73393,0.19381,0.028661,0.746,-0.666,-0.012,0.004
4.45,0.73622,0.19429,0.029811,0.746,-0.666,-0.012,0.004
4.5,0.73832,0.19477,0.030991,0.746,-0.666,-0.012,0.004
4.55,0.74023,0.19523,0.032183,0.746,-0.666,-0.012,0.004
4.6,0.74195,0.19568,0.033377,0.746,-0.666,-0.012,0.004
4.65,0.74349,0.19612,0.03457,0.746,-0.666,-0.012,0.004
4.7,0.74486,0.19655,0.035765,0.746,-0.666,-0.012,0.004
4.75,0.74607,0.19697,0.036965,0.746,-0.666,-0.012,0.004
4.8,0.74714,0.19739,0.038169,0.746,-0.666,-0.012,0.004
4.85,0.74807,0.19779,0.039377,0.746,-0.666,-0.012,0.004
4.9,0.74888,0.19819,0.040584,0.746,-0.666,-0.012,0.004
4.95,0.74957,0.19859,0.041784,0.746,-0.666,-0.012,0.004
5,0.75015,0.19898,0.042968,0.746,-0.666,-0.012,0.004
