0.05,0.37827,0.10125,0.2016,0.746,-0.666,-0.012,0.004
0.1,0.38085,0.10406,0.20573,0.746,-0.666,-0.012,0.004
0.15,0.38341,0.10691,0.20975,0.746,-0.666,-0.012,0.004
0.2,0.38594,0.10979,0.21363,0.746,-0.666,-0.012,0.004
0.25,0.38843,0.1127,0.21733,0.746,-0.666,-0.012,0.004
0.3,0.39088,0.11563,0.22083,0.746,-0.666,-0.012,0.004
0.35,0.39328,0.11857,0.22411,0.746,-0.666,-0.012,0.004
0.4,0.39565,0.12155,0.22714,0.746,-0.666,-0.012,0.004
0.45,0.39799,0.12456,0.22991,0.746,-0.666,-0.012,0.004
0.5,0.40032,0.12762,0.23243,0.746,-0.666,-0.012,0.004
0.55,0.40265,0.13074,0.23469,0.746,-0.666,-0.012,0.004
0.6,0.40499,0.1339,0.23665,0.746,-0.666,-0.012,0.004
0.65,0.40734,0.13709,0.23831,0.746,-0.666,-0.012,0.004
0.7,0.40968,0.14028,0.23961,0.746,-0.666,-0.012,0.004
0.75,0.41201,0.14346,0.24055,0.746,-0.666,-0.012,0.004
0.8,0.41433,0.14661,0.24113,0.746,-0.666,-0.012,0.004
0.85,0.41665,0.14973,0.24134,0.746,-0.666,-0.012,0.004
0.9,0.41898,0.15283,0.24121,0.746,-0.666,-0.012,0.004
0.95,0.42135,0.15591,0.24075,0.746,-0.666,-0.012,0.004
1,0.42375,0.15896,0.23997,0.746,-0.666,-0.012,0.004
1.05,0.42621,0.16198,0.23889,0.746,-0.666,-0.012,0.004
1.1,0.42873,0.16497,0.2375,0.746,-0.666,-0.012,0.004
1.15,0.43132,0.16793,0.23582,0.746,-0.666,-0.012,0.004
1.2,0.43398,0.17084,0.23385,0.746,-0.666,-0.012,0.004
1.25,0.43673,0.17372,0.2316,0.746,-0.666,-0.012,0.004
1.3,0.43958,0.17654,0.22907,0.746,-0.666,-0.012,0.004
1.35,0.44252,0.1793,0.22626,0.746,-0.666,-0.012,0.004
1.4,0.44556,0.18201,0.22319,0.746,-0.666,-0.012,0.004
1.45,0.44871,0.18464,0.21986,0.746,-0.666,-0.012,0.004
1.5,0.45198,0.18721,0.21628,0.746,-0.666,-0.012,0.004
1.55,0.45535,0.18969,0.21246,0.746,-0.666,-0.012,0.004
1.6,0.45884,0.19207,0.2084,0.746,-0.666,-0.012,0.004
1.65,0.46244,0.19436,0.20411,0.746,-0.666,-0.012,0.004
1.7,0.46614,0.19654,0.19961,0.746,-0.666,-0.012,0.004
1.75,0.46995,0.19859,0.19491,0.746,-0.666,-0.012,0.004
1.8,0.47386,0.20052,0.19001,0.746,-0.666,-0.012,0.004
1.85,0.47787,0.2023,0.18495,0.746,-0.666,-0.012,0.004
1.9,0.48197,0.20392,0.17973,0.746,-0.666,-0.012,0.004
1.95,0.48619,0.20538,0.17438,0.746,-0.666,-0.012,0.004
2,0.49051,0.20667,0.16893,0.746,-0.666,-0.012,0.004
2.05,0.49495,0.20779,0.16341,0.746,-0.666,-0.012,0.004
2.1,0.49951,0.20875,0.15782,0.746,-0.666,-0.012,0.004
2.15,0.50421,0.20956,0.15219,0.746,-0.666,-0.012,0.004
2.2,0.50904,0.21022,0.14652,0.746,-0.666,-0.012,0.004
2.25,0.51401,0.21076,0.14083,0.746,-0.666,-0.012,0.004
2.3,0.51912,0.21117,0.13513,0.746,-0.666,-0.012,0.004
2.35,0.52438,0.21147,0.12945,0.746,-0.666,-0.012,0.004
2.4,0.52977,0.21166,0.12379,0.746,-0.666,-0.012,0.004
2.45,0.53531,0.21175,0.11818,0.746,-0.666,-0.012,0.004
2.5,0.54097,0.21174,0.11264,0.746,-0.666,-0.012,0.004
2.55,0.54675,0.21163,0.1072,0.746,-0.666,-0.012,0.004
2.6,0.55263,0.21144,0.10185,0.746,-0.666,-0.012,0.004
2.65,0.55861,0.21117,0.096631,0.746,-0.666,-0.012,0.004
2.7,0.56465,0.21082,0.091532,0.746,-0.666,-0.012,0.004
2.75,0.57076,0.2104,0.086564,0.746,-0.666,-0.012,0.004
2.8,0.57691,0.20992,0.081732,0.746,-0.666,-0.012,0.004
2.85,0.58309,0.20938,0.077041,0.746,-0.666,-0.012,0.004
2.9,0.5893,0.20879,0.072496,0.746,-0.666,-0.012,0.004
2.95,0.59552,0.20816,0.0681,0.746,-0.666,-0.012,0.004
3,0.60173,0.20749,0.063859,0.746,-0.666,-0.012,0.004
3.05,0.60793,0.2068,0.05978,0.746,-0.666,-0.012,0.004
3.1,0.61411,0.20607,0.05587,0.746,-0.666,-0.012,0.004
3.15,0.62026,0.20533,0.052137,0.746,-0.666,-0.012,0.004
3.2,0.62636,0.20457,0.048588,0.746,-0.666,-0.012,0.004
3.25,0.63241,0.2038,0.045235,0.746,-0.666,-0.012,0.004
3.3,0.63839,0.20303,0.042085,0.746,-0.666,-0.012,0.004
3.35,0.64429,0.20226,0.039149,0.746,-0.666,-0.012,0.004
3.4,0.65011,0.2015,0.036433,0.746,-0.666,-0.012,0.004
3.45,0.65583,0.20074,0.033944,0.746,-0.666,-0.012,0.004
3.5,0.66144,0.2,0.031685,0.746,-0.666,-0.012,0.004
3.55,0.66693,0.19928,0.029657,0.746,-0.666,-0.012,0.004
3.6,0.67228,0.19858,0.027857,0.746,-0.666,-0.012,0.004
3.65,0.67749,0.19791,0.02628,0.746,-0.666,-0.012,0.004
3.7,0.68254,0.19727,0.024919,0.746,-0.666,-0.012,0.004
3.75,0.68742,0.19665,0.023762,0.746,-0.666,-0.012,0.004
3.8,0.69212,0.19607,0.0228,0.746,-0.666,-0.012,0.004
3.85,0.69664,0.19552,0.022019,0.746,-0.666,-0.012,0.004
3.9,0.70098,0.19501,0.021404,0.746,-0.666,-0.012,0.004
3.95,0.70512,0.19453,0.020943,0.746,-0.666,-0.012,0.004
4,0.70907,0.19408,0.020619,0.746,-0.666,-0.012,0.004
4.05,0.71283,0.19366,0.02042,0.746,-0.666,-0.012,0.004
4.1,0.71639,0.19326,0.020331,0.746,-0.666,-0.012,0.004
4.15,0.71976,0.1929,0.020337,0.746,-0.666,-0.012,0.004
4.2,0.72293,0.19256,0.020427,0.746,-0.666,-0.012,0.004
4.25,0.7259,0.19224,0.020585,0.746,-0.666,-0.012,0.004
4.3,0.72868,0.19194,0.020801,0.746,-0.666,-0.012,0.004
4.35,0.73126,0.19165,0.021061,0.746,-0.666,-0.012,0.004
4.4,0.73364,0.19139,0.02135,0.746,-0.666,-0.012,0.004
4.45,0.73582,0.19113,0.021656,0.746,-0.666,-0.012,0.004
4.5,0.73779,0.19087,0.021963,0.746,-0.666,-0.012,0.004
4.55,0.73954,0.19062,0.022258,0.746,-0.666,-0.012,0.004
4.6,0.74109,0.19037,0.022533,0.746,-0.666,-0.012,0.004
4.65,0.74243,0.19011,0.022786,0.746,-0.666,-0.012,0.004
4.7,0.74359,0.18985,0.023015,0.746,-0.666,-0.012,0.004
4.75,0.74458,0.18959,0.023223,0.746,-0.666,-0.012,0.004
4.8,0.74541,0.18934,0.023413,0.746,-0.666,-0.012,0.004
4.85,0.7461,0.18908,0.023585,0.746,-0.666,-0.012,0.004
4.9,0.74665,0.18882,0.023739,0.746,-0.666,-0.012,0.004
4.95,0.74708,0.18855,0.023873,0.746,-0.666,-0.012,0.004
5,0.74738,0.18829,0.023985,0.746,-0.666,-0.012,0.004
