0.05,0.56666,-0.06039,0.47246,0.746,-0.666,-0.012,0.004
0.1,0.56256,-0.054911,0.46757,0.746,-0.666,-0.012,0.004
0.15,0.55846,-0.049385,0.46261,0.746,-0.666,-0.012,0.004
0.2,0.5544,-0.043821,0.4576,0.746,-0.666,-0.012,0.004
0.25,0.5504,-0.038226,0.45253,0.746,-0.666,-0.012,0.004
0.3,0.54646,-0.032604,0.44743,0.746,-0.666,-0.012,0.004
0.35,0.54261,-0.026954,0.44228,0.746,-0.666,-0.012,0.004
0.4,0.53887,-0.021275,0.43709,0.746,-0.666,-0.012,0.004
0.45,0.53524,-0.015559,0.43184,0.746,-0.666,-0.012,0.004
0.5,0.53173,-0.0097964,0.42652,0.746,-0.666,-0.012,0.004
0.55,0.52836,-0.003986,0.42112,0.746,-0.666,-0.012,0.004
0.6,0.52516,0.0018586,0.41566,0.746,-0.666,-0.012,0.004
0.65,0.52217,0.0077066,0.41015,0.746,-0.666,-0.012,0.004
0.7,0.5194,0.013524,0.40462,0.746,-0.666,-0.012,0.004
0.75,0.51689,0.019285,0.3991,0.746,-0.666,-0.012,0.004
0.8,0.51465,0.024974,0.39357,0.746,-0.666,-0.012,0.004
0.85,0.51267,0.030588,0.38803,0.746,-0.666,-0.012,0.004
0.9,0.51094,0.036132,0.38246,0.746,-0.666,-0.012,0.004
0.95,0.50946,0.041616,0.37683,0.746,-0.666,-0.012,0.004
1,0.50819,0.04705,0.37112,0.746,-0.666,-0.012,0.004
1.05,0.50714,0.05244,0.3653,0.746,-0.666,-0.012,0.004
1.1,0.5063,0.057786,0.35936,0.746,-0.666,-0.012,0.004
1.15,0.50565,0.063086,0.3533,0.746,-0.666,-0.012,0.004
1.2,0.50521,0.068337,0.3471,0.746,-0.666,-0.012,0.004
1.25,0.50496,0.073534,0.34077,0.746,-0.666,-0.012,0.004
1.3,0.5049,0.078671,0.33429,0.746,-0.666,-0.012,0.004
1.35,0.50504,0.083741,0.32766,0.746,-0.666,-0.012,0.004
1.4,0.50537,0.088738,0.32089,0.746,-0.666,-0.012,0.004
1.45,0.50589,0.093654,0.31397,0.746,-0.666,-0.012,0.004
1.5,0.5066,0.09848,0.30691,0.746,-0.666,-0.012,0.004
1.55,0.50749,0.10321,0.29971,0.746,-0.666,-0.012,0.004
1.6,0.50858,0.10783,0.29238,0.746,-0.666,-0.012,0.004
1.65,0.50984,0.11232,0.28493,0.746,-0.666,-0.012,0.004
1.7,0.51129,0.11669,0.27738,0.746,-0.666,-0.012,0.004
1.75,0.51292,0.1209,0.26972,0.746,-0.666,-0.012,0.004
1.8,0.51473,0.12496,0.26199,0.746,-0.666,-0.012,0.004
1.85,0.51671,0.12885,0.25418,0.746,-0.666,-0.012,0.004
1.9,0.51886,0.13256,0.24632,0.746,-0.666,-0.012,0.004
1.95,0.52117,0.1361,0.2384,0.746,-0.666,-0.012,0.004
2,0.52363,0.13946,0.23042,0.746,-0.666,-0.012,0.004
2.05,0.52623,0.14266,0.22239,0.746,-0.666,-0.012,0.004
2.1,0.52898,0.14571,0.21431,0.746,-0.666,-0.012,0.004
2.15,0.53188,0.14862,0.2062,0.746,-0.666,-0.012,0.004
2.2,0.53494,0.15139,0.19807,0.746,-0.666,-0.012,0.004
2.25,0.53816,0.15403,0.18994,0.746,-0.666,-0.012,0.004
2.3,0.54156,0.15653,0.18183,0.746,-0.666,-0.012,0.004
2.35,0.54513,0.1589,0.17378,0.746,-0.666,-0.012,0.004
2.4,0.5489,0.16113,0.16579,0.746,-0.666,-0.012,0.004
2.45,0.55284,0.16322,0.15791,0.746,-0.666,-0.012,0.004
2.5,0.55697,0.16518,0.15015,0.746,-0.666,-0.012,0.004
2.55,0.56126,0.16701,0.14254,0.746,-0.666,-0.012,0.004
2.6,0.56571,0.16871,0.1351,0.746,-0.666,-0.012,0.004
2.65,0.57031,0.17028,0.12783,0.746,-0.666,-0.012,0.004
2.7,0.57505,0.17172,0.12076,0.746,-0.666,-0.012,0.004
2.75,0.57991,0.17305,0.11389,0.746,-0.666,-0.012,0.004
2.8,0.58489,0.17425,0.10724,0.746,-0.666,-0.012,0.004
2.85,0.58998,0.17534,0.10081,0.746,-0.666,-0.012,0.004
2.9,0.59517,0.17631,0.0946,0.746,-0.666,-0.012,0.004
2.95,0.60045,0.17718,0.088628,0.746,-0.666,-0.012,0.004
3,0.60581,0.17794,0.082898,0.746,-0.666,-0.012,0.004
3.05,0.61123,0.17859,0.077414,0.746,-0.666,-0.012,0.004
3.1,0.6167,0.17916,0.072184,0.746,-0.666,-0.012,0.004
3.15,0.62222,0.17964,0.067212,0.746,-0.666,-0.012,0.004
3.2,0.62776,0.18003,0.062504,0.746,-0.666,-0.012,0.004
3.25,0.63331,0.18035,0.058065,0.746,-0.666,-0.012,0.004
3.3,0.63886,0.18061,0.053902,0.746,-0.666,-0.012,0.004
3.35,0.64438,0.18082,0.050016,0.746,-0.666,-0.012,0.004
3.4,0.64986,0.18097,0.046412,0.746,-0.666,-0.012,0.004
3.45,0.65529,0.18109,0.043091,0.746,-0.666,-0.012,0.004
3.5,0.66064,0.18118,0.040053,0.746,-0.666,-0.012,0.004
3.55,0.66591,0.18125,0.037296,0.746,-0.666,-0.012,0.004
3.6,0.67107,0.1813,0.034817,0.746,-0.666,-0.012,0.004
3.65,0.67612,0.18133,0.03261,0.746,-0.666,-0.012,0.004
3.7,0.68104,0.18134,0.030669,0.746,-0.666,-0.012,0.004
3.75,0.68582,0.18134,0.028986,0.746,-0.666,-0.012,0.004
3.8,0.69045,0.18133,0.02755,0.746,-0.666,-0.012,0.004
3.85,0.69493,0.1813,0.02635,0.746,-0.666,-0.012,0.004
3.9,0.69924,0.18125,0.025375,0.746,-0.666,-0.012,0.004
3.95,0.70339,0.18119,0.024611,0.746,-0.666,-0.012,0.004
4,0.70737,0.18111,0.024044,0.746,-0.666,-0.012,0.004
4.05,0.71118,0.18101,0.023661,0.746,-0.666,-0.012,0.004
4.1,0.71481,0.18088,0.023446,0.746,-0.666,-0.012,0.004
4.15,0.71826,0.18073,0.023386,0.746,-0.666,-0.012,0.004
4.2,0.72154,0.18056,0.023465,0.746,-0.666,-0.012,0.004
4.25,0.72464,0.18036,0.023671,0.746,-0.666,-0.012,0.004
4.3,0.72756,0.18014,0.023987,0.746,-0.666,-0.012,0.004
4.35,0.73029,0.17988,0.024399,0.746,-0.666,-0.012,0.004
4.4,0.73284,0.17961,0.024889,0.746,-0.666,-0.012,0.004
4.45,0.7352,0.1793,0.025436,0.746,-0.666,-0.012,0.004
4.5,0.73735,0.17898,0.026017,0.746,-0.666,-0.012,0.004
4.55,0.73929,0.17863,0.026612,0.746,-0.666,-0.012,0.004
4.6,0.74103,0.17826,0.02721,0.746,-0.666,-0.012,0.004
4.65,0.74257,0.17788,0.027808,0.746,-0.666,-0.012,0.004
4.7,0.74393,0.17747,0.028408,0.746,-0.666,-0.012,0.004
4.75,0.74513,0.17704,0.02901,0.746,-0.666,-0.012,0.004
4.8,0.74617,0.1766,0.029616,0.746,-0.666,-0.012,0.004
4.85,0.74707,0.17613,0.030222,0.746,-0.666,-0.012,0.004
4.9,0.74783,0.17566,0.030827,0.746,-0.666,-0.012,0.004
4.95,0.74848,0.17517,0.031422,0.746,-0.666,-0.012,0.004
5,0.74901,0.17468,0.031999,0.746,-0.666,-0.012,0.004
