0.05,0.12539,0.12049,0.28644,0.746,-0.666,-0.012,0.004
0.1,0.13374,0.12304,0.28985,0.746,-0.666,-0.012,0.004
0.15,0.14206,0.12564,0.29314,0.746,-0.666,-0.012,0.004
0.2,0.15032,0.12827,0.29628,0.746,-0.666,-0.012,0.004
0.25,0.1585,0.13092,0.29922,0.746,-0.666,-0.012,0.004
0.3,0.16658,0.13358,0.30195,0.746,-0.666,-0.012,0.004
0.35,0.17457,0.13626,0.30442,0.746,-0.666,-0.012,0.004
0.4,0.18244,0.13896,0.30663,0.746,-0.666,-0.012,0.004
0.45,0.19023,0.1417,0.30856,0.746,-0.666,-0.012,0.004
0.5,0.19793,0.14449,0.31021,0.746,-0.666,-0.012,0.004
0.55,0.20558,0.14733,0.31158,0.746,-0.666,-0.012,0.004
0.6,0.21316,0.15023,0.31263,0.746,-0.666,-0.012,0.004
0.65,0.22064,0.15316,0.31335,0.746,-0.666,-0.012,0.004
0.7,0.22801,0.1561,0.31368,0.746,-0.666,-0.012,0.004
0.75,0.23524,0.15904,0.31362,0.746,-0.666,-0.012,0.004
0.8,0.24233,0.16197,0.31314,0.746,-0.666,-0.012,0.004
0.85,0.24932,0.16491,0.31227,0.746,-0.666,-0.012,0.004
0.9,0.25623,0.16784,0.311,0.746,-0.666,-0.012,0.004
0.95,0.2631,0.17077,0.30936,0.746,-0.666,-0.012,0.004
1,0.26994,0.17369,0.30735,0.746,-0.666,-0.012,0.004
1.05,0.27679,0.17659,0.30501,0.746,-0.666,-0.012,0.004
1.1,0.28365,0.17946,0.30233,0.746,-0.666,-0.012,0.004
1.15,0.29053,0.1823,0.29932,0.746,-0.666,-0.012,0.004
1.2,0.29745,0.1851,0.29601,0.746,-0.666,-0.012,0.004
1.25,0.30439,0.18784,0.29239,0.746,-0.666,-0.012,0.004
1.3,0.31138,0.19054,0.28849,0.746,-0.666,-0.012,0.004
1.35,0.31841,0.19317,0.2843,0.746,-0.666,-0.012,0.004
1.4,0.32549,0.19573,0.27984,0.746,-0.666,-0.012,0.004
1.45,0.33263,0.19822,0.27511,0.746,-0.666,-0.012,0.004
1.5,0.33982,0.20063,0.27015,0.746,-0.666,-0.012,0.004
1.55,0.34707,0.20294,0.26494,0.746,-0.666,-0.012,0.004
1.6,0.35436,0.20515,0.25951,0.746,-0.666,-0.012,0.004
1.65,0.36169,0.20725,0.25386,0.746,-0.666,-0.012,0.004
1.7,0.36905,0.20922,0.24801,0.746,-0.666,-0.012,0.004
1.75,0.37643,0.21106,0.24198,0.746,-0.666,-0.012,0.004
1.8,0.38381,0.21274,0.23579,0.746,-0.666,-0.012,0.004
1.85,0.3912,0.21426,0.22945,0.746,-0.666,-0.012,0.004
1.9,0.39858,0.21561,0.22299,0.746,-0.666,-0.012,0.004
1.95,0.40596,0.21676,0.21644,0.746,-0.666,-0.012,0.004
2,0.41336,0.21771,0.20982,0.746,-0.666,-0.012,0.004
2.05,0.42082,0.21847,0.20314,0.746,-0.666,-0.012,0.004
2.1,0.42834,0.21904,0.19641,0.746,-0.666,-0.012,0.004
2.15,0.43596,0.21943,0.18965,0.746,-0.666,-0.012,0.004
2.2,0.44368,0.21967,0.18286,0.746,-0.666,-0.012,0.004
2.25,0.45152,0.21977,0.17606,0.746,-0.666,-0.012,0.004
2.3,0.45948,0.21974,0.16925,0.746,-0.666,-0.012,0.004
2.35,0.46756,0.21961,0.16245,0.746,-0.666,-0.012,0.004
2.4,0.47576,0.21937,0.15569,0.746,-0.666,-0.012,0.004
2.45,0.48408,0.21904,0.14897,0.746,-0.666,-0.012,0.004
2.5,0.49251,0.21863,0.14232,0.746,-0.666,-0.012,0.004
2.55,0.50103,0.21814,0.13575,0.746,-0.666,-0.012,0.004
2.6,0.50964,0.21759,0.12929,0.746,-0.666,-0.012,0.004
2.65,0.5183,0.21697,0.12295,0.746,-0.666,-0.012,0.004
2.7,0.52699,0.21629,0.11674,0.746,-0.666,-0.012,0.004
2.75,0.53569,0.21558,0.11067,0.746,-0.666,-0.012,0.004
2.8,0.54435,0.21482,0.10474,0.746,-0.666,-0.012,0.004
2.85,0.55297,0.21405,0.098981,0.746,-0.666,-0.012,0.004
2.9,0.56151,0.21325,0.093386,0.746,-0.666,-0.012,0.004
2.95,0.56995,0.21245,0.087969,0.746,-0.666,-0.012,0.004
3,0.57828,0.21164,0.082738,0.746,-0.666,-0.012,0.004
3.05,0.58647,0.21084,0.077703,0.746,-0.666,-0.012,0.004
3.1,0.59452,0.21005,0.072872,0.746,-0.666,-0.012,0.004
3.15,0.60242,0.20927,0.068256,0.746,-0.666,-0.012,0.004
3.2,0.61015,0.20851,0.063863,0.746,-0.666,-0.012,0.004
3.25,0.61772,0.20777,0.059703,0.746,-0.666,-0.012,0.004
3.3,0.62511,0.20706,0.055785,0.746,-0.666,-0.012,0.004
3.35,0.63232,0.20637,0.052116,0.746,-0.666,-0.012,0.004
3.4,0.63936,0.20572,0.048703,0.746,-0.666,-0.012,0.004
3.45,0.64621,0.20511,0.04555,0.746,-0.666,-0.012,0.004
3.5,0.65287,0.20453,0.04266,0.746,-0.666,-0.012,0.004
3.55,0.65934,0.20399,0.040033,0.746,-0.666,-0.012,0.004
3.6,0.6656,0.20349,0.037666,0.746,-0.666,-0.012,0.004
3.65,0.67164,0.20304,0.035556,0.746,-0.666,-0.012,0.004
3.7,0.67746,0.20264,0.033695,0.746,-0.666,-0.012,0.004
3.75,0.68304,0.2023,0.032076,0.746,-0.666,-0.012,0.004
3.8,0.68838,0.202,0.03069,0.746,-0.666,-0.012,0.004
3.85,0.69347,0.20177,0.029525,0.746,-0.666,-0.012,0.004
3.9,0.6983,0.20158,0.028569,0.746,-0.666,-0.012,0.004
3.95,0.70287,0.20145,0.02781,0.746,-0.666,-0.012,0.004
4,0.70718,0.20138,0.027234,0.746,-0.666,-0.012,0.004
4.05,0.71124,0.20136,0.026827,0.746,-0.666,-0.012,0.004
4.1,0.71504,0.2014,0.026575,0.746,-0.666,-0.012,0.004
4.15,0.71858,0.20148,0.026464,0.746,-0.666,-0.012,0.004
4.2,0.72187,0.20161,0.02648,0.746,-0.666,-0.012,0.004
4.25,0.72491,0.20179,0.026609,0.746,-0.666,-0.012,0.004
4.3,0.72771,0.20202,0.026838,0.746,-0.666,-0.012,0.004
4.35,0.73026,0.20228,0.027151,0.746,-0.666,-0.012,0.004
4.4,0.73257,0.20257,0.027531,0.746,-0.666,-0.012,0.004
4.45,0.73464,0.2029,0.027959,0.746,-0.666,-0.012,0.004
4.5,0.73646,0.20324,0.028415,0.746,-0.666,-0.012,0.004
4.55,0.73806,0.2036,0.028879,0.746,-0.666,-0.012,0.004
4.6,0.73943,0.20397,0.029341,0.746,-0.666,-0.012,0.004
4.65,0.74058,0.20435,0.029797,0.746,-0.666,-0.012,0.004
4.7,0.74152,0.20473,0.030249,0.746,-0.666,-0.012,0.004
4.75,0.74228,0.20513,0.030699,0.746,-0.666,-0.012,0.004
4.8,0.74286,0.20554,0.031147,0.746,-0.666,-0.012,0.004
4.85,0.74328,0.20595,0.031591,0.746,-0.666,-0.012,0.004
4.9,0.74356,0.20638,0.03203,0.746,-0.666,-0.012,0.004
4.95,0.7437,0.20681,0.032457,0.746,-0.666,-0.012,0.004
5,0.74372,0.20723,0.032865,0.746,-0.666,-0.012,0.004
