0.05,0.26262,0.39666,0.3937,0.746,-0.666,-0.012,0.004
0.1,0.2655,0.38836,0.3908,0.746,-0.666,-0.012,0.004
0.15,0.26837,0.38015,0.38783,0.746,-0.666,-0.012,0.004
0.2,0.27125,0.37208,0.3848,0.746,-0.666,-0.012,0.004
0.25,0.27414,0.36419,0.38171,0.746,-0.666,-0.012,0.004
0.3,0.27705,0.35651,0.37856,0.746,-0.666,-0.012,0.004
0.35,0.27997,0.34909,0.37535,0.746,-0.666,-0.012,0.004
0.4,0.28292,0.34194,0.37208,0.746,-0.666,-0.012,0.004
0.45,0.28591,0.33506,0.36871,0.746,-0.666,-0.012,0.004
0.5,0.28894,0.32847,0.36526,0.746,-0.666,-0.012,0.004
0.55,0.29202,0.32215,0.3617,0.746,-0.666,-0.012,0.004
0.6,0.29517,0.31615,0.35803,0.746,-0.666,-0.012,0.004
0.65,0.29839,0.31051,0.35428,0.746,-0.666,-0.012,0.004
0.7,0.30168,0.30526,0.35044,0.746,-0.666,-0.012,0.004
0.75,0.30503,0.30044,0.34654,0.746,-0.666,-0.012,0.004
0.8,0.30845,0.29604,0.34255,0.746,-0.666,-0.012,0.004
0.85,0.31194,0.29206,0.33848,0.746,-0.666,-0.012,0.004
0.9,0.31552,0.28845,0.33431,0.746,-0.666,-0.012,0.004
0.95,0.3192,0.28518,0.33001,0.746,-0.666,-0.012,0.004
1,0.323,0.28221,0.32558,0.746,-0.666,-0.012,0.004
1.05,0.32692,0.27951,0.32101,0.746,-0.666,-0.012,0.004
1.1,0.33098,0.27706,0.31629,0.746,-0.666,-0.012,0.004
1.15,0.33518,0.27482,0.31141,0.746,-0.666,-0.012,0.004
1.2,0.33952,0.27277,0.30637,0.746,-0.666,-0.012,0.004
1.25,0.34401,0.27091,0.30118,0.746,-0.666,-0.012,0.004
1.3,0.34865,0.2692,0.29581,0.746,-0.666,-0.012,0.004
1.35,0.35343,0.26762,0.29028,0.746,-0.666,-0.012,0.004
1.4,0.35835,0.26617,0.28459,0.746,-0.666,-0.012,0.004
1.45,0.36343,0.26481,0.27874,0.746,-0.666,-0.012,0.004
1.5,0.36865,0.26354,0.27273,0.746,-0.666,-0.012,0.004
1.55,0.37401,0.26235,0.26657,0.746,-0.666,-0.012,0.004
1.6,0.37951,0.26123,0.26027,0.746,-0.666,-0.012,0.004
1.65,0.38515,0.26017,0.25384,0.746,-0.666,-0.012,0.004
1.7,0.39091,0.25916,0.2473,0.746,-0.666,-0.012,0.004
1.75,0.3968,0.2582,0.24065,0.746,-0.666,-0.012,0.004
1.8,0.4028,0.25729,0.23393,0.746,-0.666,-0.012,0.004
1.85,0.40892,0.2564,0.22714,0.746,-0.666,-0.012,0.004
1.9,0.41515,0.25553,0.22031,0.746,-0.666,-0.012,0.004
1.95,0.42149,0.25465,0.21347,0.746,-0.666,-0.012,0.004
2,0.42796,0.25374,0.20662,0.746,-0.666,-0.012,0.004
2.05,0.43457,0.25277,0.19977,0.746,-0.666,-0.012,0.004
2.1,0.44133,0.25173,0.19293,0.746,-0.666,-0.012,0.004
2.15,0.44826,0.25063,0.18609,0.746,-0.666,-0.012,0.004
2.2,0.45535,0.24946,0.17927,0.746,-0.666,-0.012,0.004
2.25,0.4626,0.24823,0.17247,0.746,-0.666,-0.012,0.004
2.3,0.47002,0.24695,0.1657,0.746,-0.666,-0.012,0.004
2.35,0.4776,0.24562,0.15897,0.746,-0.666,-0.012,0.004
2.4,0.48532,0.24426,0.15229,0.746,-0.666,-0.012,0.004
2.45,0.49319,0.24285,0.14568,0.746,-0.666,-0.012,0.004
2.5,0.50119,0.24141,0.13915,0.746,-0.666,-0.012,0.004
2.55,0.5093,0.23993,0.13271,0.746,-0.666,-0.012,0.004
2.6,0.51751,0.23841,0.12639,0.746,-0.666,-0.012,0.004
2.65,0.52578,0.23686,0.1202,0.746,-0.666,-0.012,0.004
2.7,0.53409,0.23529,0.11414,0.746,-0.666,-0.012,0.004
2.75,0.54242,0.23371,0.10822,0.746,-0.666,-0.012,0.004
2.8,0.55074,0.23212,0.10245,0.746,-0.666,-0.012,0.004
2.85,0.55901,0.23053,0.096839,0.746,-0.666,-0.012,0.004
2.9,0.56722,0.22895,0.091395,0.746,-0.666,-0.012,0.004
2.95,0.57535,0.22739,0.086123,0.746,-0.666,-0.012,0.004
3,0.58337,0.22585,0.081032,0.746,-0.666,-0.012,0.004
3.05,0.59128,0.22434,0.07613,0.746,-0.666,-0.012,0.004
3.1,0.59906,0.22287,0.071426,0.746,-0.666,-0.012,0.004
3.15,0.60669,0.22143,0.066928,0.746,-0.666,-0.012,0.004
3.2,0.61417,0.22003,0.062646,0.746,-0.666,-0.012,0.004
3.25,0.62149,0.21868,0.058589,0.746,-0.666,-0.012,0.004
3.3,0.62866,0.21737,0.054765,0.746,-0.666,-0.012,0.004
3.35,0.63566,0.2161,0.051183,0.746,-0.666,-0.012,0.004
3.4,0.64248,0.21488,0.047849,0.746,-0.666,-0.012,0.004
3.45,0.64914,0.21371,0.044768,0.746,-0.666,-0.012,0.004
3.5,0.65561,0.21259,0.041942,0.746,-0.666,-0.012,0.004
3.55,0.66189,0.21153,0.039373,0.746,-0.666,-0.012,0.004
3.6,0.66798,0.21052,0.037056,0.746,-0.666,-0.012,0.004
3.65,0.67385,0.20956,0.034989,0.746,-0.666,-0.012,0.004
3.7,0.67951,0.20867,0.033164,0.746,-0.666,-0.012,0.004
3.75,0.68494,0.20784,0.031572,0.746,-0.666,-0.012,0.004
3.8,0.69014,0.20708,0.030205,0.746,-0.666,-0.012,0.004
3.85,0.69509,0.20639,0.02905,0.746,-0.666,-0.012,0.004
3.9,0.69979,0.20576,0.028095,0.746,-0.666,-0.012,0.004
3.95,0.70425,0.2052,0.027327,0.746,-0.666,-0.012,0.004
4,0.70845,0.20471,0.026732,0.746,-0.666,-0.012,0.004
4.05,0.71241,0.20428,0.026296,0.746,-0.666,-0.012,0.004
4.1,0.71612,0.20392,0.026005,0.746,-0.666,-0.012,0.004
4.15,0.71958,0.20362,0.025845,0.746,-0.666,-0.012,0.004
4.2,0.72279,0.20338,0.025803,0.746,-0.666,-0.012,0.004
4.25,0.72577,0.20319,0.025863,0.746,-0.666,-0.012,0.004
4.3,0.72851,0.20306,0.026013,0.746,-0.666,-0.012,0.004
4.35,0.73101,0.20298,0.026238,0.746,-0.666,-0.012,0.004
4.4,0.73327,0.20293,0.026522,0.746,-0.666,-0.012,0.004
4.45,0.7353,0.20292,0.026847,0.746,-0.666,-0.012,0.004
4.5,0.73709,0.20294,0.027192,0.746,-0.666,-0.012,0.004
4.55,0.73866,0.20297,0.027542,0.746,-0.666,-0.012,0.004
4.6,0.73999,0.20302,0.027884,0.746,-0.666,-0.012,0.004
4.65,0.74112,0.20307,0.028217,0.746,-0.666,-0.012,0.004
4.7,0.74204,0.20314,0.028542,0.746,-0.666,-0.012,0.004
4.75,0.74278,0.20322,0.028859,0.746,-0.666,-0.012,0.004
4.8,0.74334,0.20332,0.02917,0.746,-0.666,-0.012,0.004
4.85,0.74375,0.20342,0.029474,0.746,-0.666,-0.012,0.004
4.9,0.74402,0.20353,0.029769,0.746,-0.666,-0.012,0.004
4.95,0.74415,0.20365,0.03005,0.746,-0.666,-0.012,0.004
5,0.74416,0.20377,0.030312,0.746,-0.666,-0.012,0.004
