0.05,0.56666,-0.06039,0.47246,0.746,-0.666,-0.012,0.004
0.1,0.56545,-0.058508,0.47075,0.746,-0.666,-0.012,0.004
0.15,0.56424,-0.056567,0.46895,0.746,-0.666,-0.012,0.004
0.2,0.56303,-0.054561,0.46706,0.746,-0.666,-0.012,0.004
0.25,0.56182,-0.052485,0.46507,0.746,-0.666,-0.012,0.004
0.3,0.56062,-0.050329,0.46297,0.746,-0.666,-0.012,0.004
0.35,0.55944,-0.048084,0.46075,0.746,-0.666,-0.012,0.004
0.4,0.55829,-0.045741,0.45839,0.746,-0.666,-0.012,0.004
0.45,0.55717,-0.04329,0.45589,0.746,-0.666,-0.012,0.004
0.5,0.55611,-0.040725,0.45322,0.746,-0.666,-0.012,0.004
0.55,0.55511,-0.03804,0.4504,0.746,-0.666,-0.012,0.004
0.6,0.55419,-0.035237,0.4474,0.746,-0.666,-0.012,0.004
0.65,0.55337,-0.032322,0.44422,0.746,-0.666,-0.012,0.004
0.7,0.55265,-0.029303,0.44087,0.746,-0.666,-0.012,0.004
0.75,0.55205,-0.026191,0.43734,0.746,-0.666,-0.012,0.004
0.8,0.55155,-0.022992,0.43363,0.746,-0.666,-0.012,0.004
0.85,0.55118,-0.019716,0.42974,0.746,-0.666,-0.012,0.004
0.9,0.55094,-0.01637,0.42566,0.746,-0.666,-0.012,0.004
0.95,0.55082,-0.012963,0.4214,0.746,-0.666,-0.012,0.004
1,0.55083,-0.0095039,0.41695,0.746,-0.666,-0.012,0.004
1.05,0.55098,-0.0060002,0.41231,0.746,-0.666,-0.012,0.004
1.1,0.55127,-0.0024609,0.40748,0.746,-0.666,-0.012,0.004
1.15,0.55171,0.001105,0.40246,0.746,-0.666,-0.012,0.004
1.2,0.55229,0.0046882,0.39724,0.746,-0.666,-0.012,0.004
1.25,0.55302,0.0082796,0.39183,0.746,-0.666,-0.012,0.004
1.3,0.55391,0.01187,0.38623,0.746,-0.666,-0.012,0.004
1.35,0.55496,0.015449,0.38044,0.746,-0.666,-0.012,0.004
1.4,0.55617,0.019008,0.37447,0.746,-0.666,-0.012,0.004
1.45,0.55754,0.022539,0.36831,0.746,-0.666,-0.012,0.004
1.5,0.55908,0.026032,0.36198,0.746,-0.666,-0.012,0.004
1.55,0.56077,0.02948,0.35548,0.746,-0.666,-0.012,0.004
1.6,0.56264,0.032875,0.34881,0.746,-0.666,-0.012,0.004
1.65,0.56466,0.036213,0.34201,0.746,-0.666,-0.012,0.004
1.7,0.56684,0.039488,0.33506,0.746,-0.666,-0.012,0.004
1.75,0.56917,0.042696,0.32799,0.746,-0.666,-0.012,0.004
1.8,0.57165,0.045835,0.32081,0.746,-0.666,-0.012,0.004
1.85,0.57427,0.048904,0.31353,0.746,-0.666,-0.012,0.004
1.9,0.57704,0.051903,0.30617,0.746,-0.666,-0.012,0.004
1.95,0.57993,0.054831,0.29874,0.746,-0.666,-0.012,0.004
2,0.58295,0.057689,0.29125,0.746,-0.666,-0.012,0.004
2.05,0.5861,0.060478,0.28372,0.746,-0.666,-0.012,0.004
2.1,0.58935,0.0632,0.27616,0.746,-0.666,-0.012,0.004
2.15,0.59272,0.065856,0.26857,0.746,-0.666,-0.012,0.004
2.2,0.59619,0.068448,0.26097,0.746,-0.666,-0.012,0.004
2.25,0.59976,0.070977,0.25337,0.746,-0.666,-0.012,0.004
2.3,0.60342,0.073445,0.24578,0.746,-0.666,-0.012,0.004
2.35,0.60716,0.075854,0.23822,0.746,-0.666,-0.012,0.004
2.4,0.61099,0.078205,0.23068,0.746,-0.666,-0.012,0.004
2.45,0.6149,0.0805,0.22319,0.746,-0.666,-0.012,0.004
2.5,0.61888,0.08274,0.21574,0.746,-0.666,-0.012,0.004
2.55,0.62292,0.084928,0.20836,0.746,-0.666,-0.012,0.004
2.6,0.62703,0.087065,0.20105,0.746,-0.666,-0.012,0.004
2.65,0.63119,0.089153,0.19382,0.746,-0.666,-0.012,0.004
2.7,0.63541,0.091192,0.18668,0.746,-0.666,-0.012,0.004
2.75,0.63967,0.093186,0.17964,0.746,-0.666,-0.012,0.004
2.8,0.64397,0.095136,0.17271,0.746,-0.666,-0.012,0.004
2.85,0.6483,0.097044,0.16591,0.746,-0.666,-0.012,0.004
2.9,0.65267,0.098912,0.15924,0.746,-0.666,-0.012,0.004
2.95,0.65706,0.10074,0.15271,0.746,-0.666,-0.012,0.004
3,0.66146,0.10254,0.14634,0.746,-0.666,-0.012,0.004
3.05,0.66587,0.1043,0.14013,0.746,-0.666,-0.012,0.004
3.1,0.67029,0.10603,0.13411,0.746,-0.666,-0.012,0.004
3.15,0.6747,0.10774,0.12827,0.746,-0.666,-0.012,0.004
3.2,0.67909,0.10943,0.12264,0.746,-0.666,-0.012,0.004
3.25,0.68346,0.1111,0.11722,0.746,-0.666,-0.012,0.004
3.3,0.6878,0.11275,0.11202,0.746,-0.666,-0.012,0.004
3.35,0.69209,0.1144,0.10706,0.746,-0.666,-0.012,0.004
3.4,0.69631,0.11604,0.10234,0.746,-0.666,-0.012,0.004
3.45,0.70047,0.11768,0.097867,0.746,-0.666,-0.012,0.004
3.5,0.70454,0.11933,0.093642,0.746,-0.666,-0.012,0.004
3.55,0.70852,0.12099,0.089666,0.746,-0.666,-0.012,0.004
3.6,0.71238,0.12266,0.085936,0.746,-0.666,-0.012,0.004
3.65,0.71612,0.12435,0.082445,0.746,-0.666,-0.012,0.004
3.7,0.71973,0.12606,0.079187,0.746,-0.666,-0.012,0.004
3.75,0.7232,0.12779,0.07615,0.746,-0.666,-0.012,0.004
3.8,0.72652,0.12954,0.073324,0.746,-0.666,-0.012,0.004
3.85,0.72968,0.13131,0.070694,0.746,-0.666,-0.012,0.004
3.9,0.73267,0.13311,0.068248,0.746,-0.666,-0.012,0.004
3.95,0.73549,0.13492,0.06597,0.746,-0.666,-0.012,0.004
4,0.73813,0.13675,0.063846,0.746,-0.666,-0.012,0.004
4.05,0.74059,0.13861,0.06186,0.746,-0.666,-0.012,0.004
4.1,0.74285,0.14048,0.059997,0.746,-0.666,-0.012,0.004
4.15,0.74493,0.14236,0.058242,0.746,-0.666,-0.012,0.004
4.2,0.7468,0.14426,0.05658,0.746,-0.666,-0.012,0.004
4.25,0.74847,0.14616,0.054995,0.746,-0.666,-0.012,0.004
4.3,0.74994,0.14808,0.053472,0.746,-0.666,-0.012,0.004
4.35,0.75119,0.15,0.051996,0.746,-0.666,-0.012,0.004
4.4,0.75224,0.15192,0.05055,0.746,-0.666,-0.012,0.004
4.45,0.75306,0.15385,0.049119,0.746,-0.666,-0.012,0.004
4.5,0.75366,0.15577,0.047686,0.746,-0.666,-0.012,0.004
4.55,0.75403,0.15769,0.046238,0.746,-0.666,-0.012,0.004
4.6,0.75418,0.1596,0.044765,0.746,-0.666,-0.012,0.004
4.65,0.75413,0.16151,0.043264,0.746,-0.666,-0.012,0.004
4.7,0.75387,0.1634,0.041733,0.746,-0.666,-0.012,0.004
4.75,0.75344,0.1653,0.040174,0.746,-0.666,-0.012,0.004
4.8,0.75283,0.16718,0.038589,0.746,-0.666,-0.012,0.004
4.85,0.75207,0.16906,0.036978,0.746,-0.666,-0.012,0.004
4.9,0.75118,0.17094,0.035343,0.746,-0.666,-0.012,0.004
4.95,0.75015,0.17281,0.033684,0.746,-0.666,-0.012,0.004
5,0.74901,0.17468,0.031999,0.746,-0.666,-0.012,0.004
