0.05,0.26262,0.39666,0.3937,0.746,-0.666,-0.012,0.004
0.1,0.26443,0.39422,0.39277,0.746,-0.666,-0.012,0.004
0.15,0.26625,0.39184,0.39175,0.746,-0.666,-0.012,0.004
0.2,0.26806,0.38952,0.39064,0.746,-0.666,-0.012,0.004
0.25,0.26987,0.38728,0.38943,0.746,-0.666,-0.012,0.004
0.3,0.27169,0.38511,0.38811,0.746,-0.666,-0.012,0.004
0.35,0.27353,0.38303,0.38666,0.746,-0.666,-0.012,0.004
0.4,0.2754,0.38105,0.38508,0.746,-0.666,-0.012,0.004
0.45,0.27731,0.37918,0.38335,0.746,-0.666,-0.012,0.004
0.5,0.27926,0.37742,0.38147,0.746,-0.666,-0.012,0.004
0.55,0.28129,0.37578,0.37942,0.746,-0.666,-0.012,0.004
0.6,0.28339,0.37426,0.3772,0.746,-0.666,-0.012,0.004
0.65,0.28559,0.37286,0.3748,0.746,-0.666,-0.012,0.004
0.7,0.2879,0.37155,0.37223,0.746,-0.666,-0.012,0.004
0.75,0.29031,0.37034,0.36948,0.746,-0.666,-0.012,0.004
0.8,0.29284,0.36922,0.36655,0.746,-0.666,-0.012,0.004
0.85,0.29549,0.36817,0.36343,0.746,-0.666,-0.012,0.004
0.9,0.29827,0.3672,0.36013,0.746,-0.666,-0.012,0.004
0.95,0.30117,0.36628,0.35665,0.746,-0.666,-0.012,0.004
1,0.30421,0.36542,0.35298,0.746,-0.666,-0.012,0.004
1.05,0.30738,0.3646,0.34911,0.746,-0.666,-0.012,0.004
1.1,0.31069,0.36381,0.34506,0.746,-0.666,-0.012,0.004
1.15,0.31415,0.36306,0.34082,0.746,-0.666,-0.012,0.004
1.2,0.31775,0.36232,0.33638,0.746,-0.666,-0.012,0.004
1.25,0.32151,0.36159,0.33175,0.746,-0.666,-0.012,0.004
1.3,0.32542,0.36085,0.32693,0.746,-0.666,-0.012,0.004
1.35,0.32949,0.36011,0.32192,0.746,-0.666,-0.012,0.004
1.4,0.33372,0.35935,0.31672,0.746,-0.666,-0.012,0.004
1.45,0.33811,0.35856,0.31134,0.746,-0.666,-0.012,0.004
1.5,0.34267,0.35773,0.30578,0.746,-0.666,-0.012,0.004
1.55,0.34739,0.35685,0.30006,0.746,-0.666,-0.012,0.004
1.6,0.35227,0.35592,0.29418,0.746,-0.666,-0.012,0.004
1.65,0.35732,0.35494,0.28815,0.746,-0.666,-0.012,0.004
1.7,0.36252,0.35389,0.28198,0.746,-0.666,-0.012,0.004
1.75,0.36787,0.35278,0.27569,0.746,-0.666,-0.012,0.004
1.8,0.37337,0.35159,0.26929,0.746,-0.666,-0.012,0.004
1.85,0.37902,0.35034,0.26279,0.746,-0.666,-0.012,0.004
1.9,0.38481,0.34902,0.25621,0.746,-0.666,-0.012,0.004
1.95,0.39072,0.34762,0.24955,0.746,-0.666,-0.012,0.004
2,0.39677,0.34616,0.24284,0.746,-0.666,-0.012,0.004
2.05,0.40293,0.34462,0.23609,0.746,-0.666,-0.012,0.004
2.1,0.40921,0.34302,0.2293,0.746,-0.666,-0.012,0.004
2.15,0.4156,0.34136,0.22249,0.746,-0.666,-0.012,0.004
2.2,0.42209,0.33962,0.21567,0.746,-0.666,-0.012,0.004
2.25,0.42868,0.33783,0.20885,0.746,-0.666,-0.012,0.004
2.3,0.43536,0.33598,0.20204,0.746,-0.666,-0.012,0.004
2.35,0.44213,0.33406,0.19526,0.746,-0.666,-0.012,0.004
2.4,0.44898,0.33209,0.1885,0.746,-0.666,-0.012,0.004
2.45,0.45591,0.33006,0.18178,0.746,-0.666,-0.012,0.004
2.5,0.46291,0.32798,0.17512,0.746,-0.666,-0.012,0.004
2.55,0.46998,0.32584,0.16851,0.746,-0.666,-0.012,0.004
2.6,0.47711,0.32366,0.16198,0.746,-0.666,-0.012,0.004
2.65,0.48429,0.32142,0.15553,0.746,-0.666,-0.012,0.004
2.7,0.49153,0.31914,0.14917,0.746,-0.666,-0.012,0.004
2.75,0.49881,0.31681,0.14291,0.746,-0.666,-0.012,0.004
2.8,0.50613,0.31444,0.13676,0.746,-0.666,-0.012,0.004
2.85,0.51349,0.31202,0.13073,0.746,-0.666,-0.012,0.004
2.9,0.52088,0.30957,0.12484,0.746,-0.666,-0.012,0.004
2.95,0.52829,0.30708,0.11909,0.746,-0.666,-0.012,0.004
3,0.53571,0.30455,0.1135,0.746,-0.666,-0.012,0.004
3.05,0.54315,0.30199,0.10807,0.746,-0.666,-0.012,0.004
3.1,0.55059,0.2994,0.10282,0.746,-0.666,-0.012,0.004
3.15,0.55802,0.29678,0.097765,0.746,-0.666,-0.012,0.004
3.2,0.56544,0.29415,0.09291,0.746,-0.666,-0.012,0.004
3.25,0.57283,0.29149,0.08827,0.746,-0.666,-0.012,0.004
3.3,0.58019,0.28882,0.083853,0.746,-0.666,-0.012,0.004
3.35,0.5875,0.28614,0.079671,0.746,-0.666,-0.012,0.004
3.4,0.59475,0.28346,0.075729,0.746,-0.666,-0.012,0.004
3.45,0.60193,0.28078,0.072034,0.746,-0.666,-0.012,0.004
3.5,0.60902,0.27811,0.068588,0.746,-0.666,-0.012,0.004
3.55,0.61602,0.27545,0.065391,0.746,-0.666,-0.012,0.004
3.6,0.6229,0.2728,0.06244,0.746,-0.666,-0.012,0.004
3.65,0.62967,0.27016,0.059728,0.746,-0.666,-0.012,0.004
3.7,0.6363,0.26755,0.057248,0.746,-0.666,-0.012,0.004
3.75,0.64279,0.26496,0.054991,0.746,-0.666,-0.012,0.004
3.8,0.64913,0.26238,0.052943,0.746,-0.666,-0.012,0.004
3.85,0.65532,0.25983,0.051092,0.746,-0.666,-0.012,0.004
3.9,0.66133,0.2573,0.049425,0.746,-0.666,-0.012,0.004
3.95,0.66717,0.25479,0.047926,0.746,-0.666,-0.012,0.004
4,0.67283,0.2523,0.04658,0.746,-0.666,-0.012,0.004
4.05,0.67831,0.24983,0.045373,0.746,-0.666,-0.012,0.004
4.1,0.6836,0.24738,0.044289,0.746,-0.666,-0.012,0.004
4.15,0.6887,0.24494,0.043313,0.746,-0.666,-0.012,0.004
4.2,0.69359,0.24251,0.04243,0.746,-0.666,-0.012,0.004
4.25,0.69829,0.24009,0.041623,0.746,-0.666,-0.012,0.004
4.3,0.70278,0.23769,0.040879,0.746,-0.666,-0.012,0.004
4.35,0.70706,0.23529,0.040182,0.746,-0.666,-0.012,0.004
4.4,0.71112,0.23289,0.039515,0.746,-0.666,-0.012,0.004
4.45,0.71496,0.23049,0.038863,0.746,-0.666,-0.012,0.004
4.5,0.71858,0.22809,0.038209,0.746,-0.666,-0.012,0.004
4.55,0.72198,0.22568,0.03754,0.746,-0.666,-0.012,0.004
4.6,0.72516,0.22327,0.036846,0.746,-0.666,-0.012,0.004
4.65,0.72812,0.22085,0.036124,0.746,-0.666,-0.012,0.004
4.7,0.73089,0.21843,0.035372,0.746,-0.666,-0.012,0.004
4.75,0.73348,0.216,0.034592,0.746,-0.666,-0.012,0.004
4.8,0.7359,0.21356,0.033786,0.746,-0.666,-0.012,0.004
4.85,0.73816,0.21112,0.032953,0.746,-0.666,-0.012,0.004
4.9,0.74029,0.20867,0.032097,0.746,-0.666,-0.012,0.004
4.95,0.74228,0.20622,0.031217,0.746,-0.666,-0.012,0.004
5,0.74416,0.20377,0.030312,0.746,-0.666,-0.012,0.004
