0.05,0.37827,0.10125,0.2016,0.746,-0.666,-0.012,0.004
0.1,0.37895,0.10164,0.20255,0.746,-0.666,-0.012,0.004
0.15,0.37963,0.10208,0.2034,0.746,-0.666,-0.012,0.004
0.2,0.3803,0.10259,0.20417,0.746,-0.666,-0.012,0.004
0.25,0.38098,0.10318,0.20484,0.746,-0.666,-0.012,0.004
0.3,0.38167,0.10384,0.20539,0.746,-0.666,-0.012,0.004
0.35,0.38237,0.10459,0.20582,0.746,-0.666,-0.012,0.004
0.4,0.3831,0.10543,0.20612,0.746,-0.666,-0.012,0.004
0.45,0.38387,0.10639,0.20627,0.746,-0.666,-0.012,0.004
0.5,0.38469,0.10746,0.20626,0.746,-0.666,-0.012,0.004
0.55,0.38558,0.10865,0.20609,0.746,-0.666,-0.012,0.004
0.6,0.38655,0.10996,0.20574,0.746,-0.666,-0.012,0.004
0.65,0.38761,0.11138,0.20522,0.746,-0.666,-0.012,0.004
0.7,0.38878,0.1129,0.20452,0.746,-0.666,-0.012,0.004
0.75,0.39006,0.11452,0.20365,0.746,-0.666,-0.012,0.004
0.8,0.39146,0.11622,0.20259,0.746,-0.666,-0.012,0.004
0.85,0.39297,0.118,0.20136,0.746,-0.666,-0.012,0.004
0.9,0.39461,0.11985,0.19993,0.746,-0.666,-0.012,0.004
0.95,0.39638,0.12177,0.19833,0.746,-0.666,-0.012,0.004
1,0.39828,0.12373,0.19653,0.746,-0.666,-0.012,0.004
1.05,0.40032,0.12574,0.19454,0.746,-0.666,-0.012,0.004
1.1,0.40249,0.12778,0.19237,0.746,-0.666,-0.012,0.004
1.15,0.40481,0.12985,0.19,0.746,-0.666,-0.012,0.004
1.2,0.40728,0.13194,0.18744,0.746,-0.666,-0.012,0.004
1.25,0.4099,0.13404,0.18468,0.746,-0.666,-0.012,0.004
1.3,0.41268,0.13613,0.18174,0.746,-0.666,-0.012,0.004
1.35,0.41561,0.13822,0.1786,0.746,-0.666,-0.012,0.004
1.4,0.41871,0.14028,0.17528,0.746,-0.666,-0.012,0.004
1.45,0.42197,0.14232,0.17178,0.746,-0.666,-0.012,0.004
1.5,0.42539,0.14432,0.1681,0.746,-0.666,-0.012,0.004
1.55,0.42897,0.14627,0.16426,0.746,-0.666,-0.012,0.004
1.6,0.43272,0.14817,0.16025,0.746,-0.666,-0.012,0.004
1.65,0.43663,0.15001,0.15609,0.746,-0.666,-0.012,0.004
1.7,0.44069,0.15179,0.1518,0.746,-0.666,-0.012,0.004
1.75,0.44491,0.1535,0.14739,0.746,-0.666,-0.012,0.004
1.8,0.44928,0.15515,0.14286,0.746,-0.666,-0.012,0.004
1.85,0.45379,0.15672,0.13824,0.746,-0.666,-0.012,0.004
1.9,0.45844,0.15823,0.13354,0.746,-0.666,-0.012,0.004
1.95,0.46322,0.15966,0.12876,0.746,-0.666,-0.012,0.004
2,0.46813,0.16102,0.12393,0.746,-0.666,-0.012,0.004
2.05,0.47315,0.16232,0.11905,0.746,-0.666,-0.012,0.004
2.1,0.4783,0.16354,0.11414,0.746,-0.666,-0.012,0.004
2.15,0.48355,0.1647,0.1092,0.746,-0.666,-0.012,0.004
2.2,0.48891,0.1658,0.10426,0.746,-0.666,-0.012,0.004
2.25,0.49436,0.16683,0.099317,0.746,-0.666,-0.012,0.004
2.3,0.49991,0.16781,0.094385,0.746,-0.666,-0.012,0.004
2.35,0.50554,0.16872,0.089473,0.746,-0.666,-0.012,0.004
2.4,0.51126,0.16958,0.084592,0.746,-0.666,-0.012,0.004
2.45,0.51705,0.17038,0.079752,0.746,-0.666,-0.012,0.004
2.5,0.52292,0.17112,0.074963,0.746,-0.666,-0.012,0.004
2.55,0.52885,0.17181,0.070236,0.746,-0.666,-0.012,0.004
2.6,0.53484,0.17246,0.065579,0.746,-0.666,-0.012,0.004
2.65,0.54089,0.17305,0.061003,0.746,-0.666,-0.012,0.004
2.7,0.54699,0.17359,0.056519,0.746,-0.666,-0.012,0.004
2.75,0.55314,0.17409,0.052135,0.746,-0.666,-0.012,0.004
2.8,0.55933,0.17455,0.047864,0.746,-0.666,-0.012,0.004
2.85,0.56555,0.17496,0.043714,0.746,-0.666,-0.012,0.004
2.9,0.5718,0.17533,0.039698,0.746,-0.666,-0.012,0.004
2.95,0.57807,0.17567,0.035825,0.746,-0.666,-0.012,0.004
3,0.58436,0.17597,0.032108,0.746,-0.666,-0.012,0.004
3.05,0.59066,0.17623,0.028558,0.746,-0.666,-0.012,0.004
3.1,0.59697,0.17647,0.025186,0.746,-0.666,-0.012,0.004
3.15,0.60326,0.17668,0.022006,0.746,-0.666,-0.012,0.004
3.2,0.60954,0.17687,0.019027,0.746,-0.666,-0.012,0.004
3.25,0.6158,0.17705,0.016263,0.746,-0.666,-0.012,0.004
3.3,0.62202,0.17721,0.013723,0.746,-0.666,-0.012,0.004
3.35,0.6282,0.17736,0.011417,0.746,-0.666,-0.012,0.004
3.4,0.63431,0.1775,0.0093523,0.746,-0.666,-0.012,0.004
3.45,0.64035,0.17765,0.0075338,0.746,-0.666,-0.012,0.004
3.5,0.64631,0.17781,0.0059644,0.746,-0.666,-0.012,0.004
3.55,0.65217,0.17797,0.0046437,0.746,-0.666,-0.012,0.004
3.6,0.65792,0.17815,0.0035687,0.746,-0.666,-0.012,0.004
3.65,0.66355,0.17834,0.0027337,0.746,-0.666,-0.012,0.004
3.7,0.66905,0.17855,0.0021306,0.746,-0.666,-0.012,0.004
3.75,0.67441,0.17879,0.0017494,0.746,-0.666,-0.012,0.004
3.8,0.67961,0.17904,0.0015781,0.746,-0.666,-0.012,0.004
3.85,0.68466,0.17932,0.0016039,0.746,-0.666,-0.012,0.004
3.9,0.68954,0.17962,0.0018129,0.746,-0.666,-0.012,0.004
3.95,0.69424,0.17994,0.0021904,0.746,-0.666,-0.012,0.004
4,0.69877,0.18027,0.0027216,0.746,-0.666,-0.012,0.004
4.05,0.70311,0.18063,0.0033911,0.746,-0.666,-0.012,0.004
4.1,0.70727,0.181,0.0041838,0.746,-0.666,-0.012,0.004
4.15,0.71122,0.18139,0.0050842,0.746,-0.666,-0.012,0.004
4.2,0.71499,0.18179,0.0060772,0.746,-0.666,-0.012,0.004
4.25,0.71854,0.1822,0.0071476,0.746,-0.666,-0.012,0.004
4.3,0.7219,0.18262,0.0082801,0.746,-0.666,-0.012,0.004
4.35,0.72504,0.18305,0.0094593,0.746,-0.666,-0.012,0.004
4.4,0.72797,0.18348,0.010669,0.746,-0.666,-0.012,0.004
4.45,0.73068,0.18391,0.011894,0.746,-0.666,-0.012,0.004
4.5,0.73316,0.18434,0.013116,0.746,-0.666,-0.012,0.004
4.55,0.73542,0.18476,0.014323,0.746,-0.666,-0.012,0.004
4.6,0.73746,0.18517,0.015506,0.746,-0.666,-0.012,0.004
4.65,0.73929,0.18558,0.016661,0.746,-0.666,-0.012,0.004
4.7,0.74093,0.18599,0.017786,0.746,-0.666,-0.012,0.004
4.75,0.74238,0.18638,0.018882,0.746,-0.666,-0.012,0.004
4.8,0.74366,0.18677,0.019952,0.746,-0.666,-0.012,0.004
4.85,0.74479,0.18716,0.020996,0.746,-0.666,-0.012,0.004
4.9,0.74578,0.18754,0.022017,0.746,-0.666,-0.012,0.004
4.95,0.74664,0.18792,0.023013,0.746,-0.666,-0.012,0.004
5,0.74738,0.18829,0.023985,0.746,-0.666,-0.012,0.004
