0.05,0.84026,-0.18407,0.34264,0.746,-0.666,-0.012,0.004
0.1,0.8363,-0.1807,0.34235,0.746,-0.666,-0.012,0.004
0.15,0.83234,-0.17726,0.34198,0.746,-0.666,-0.012,0.004
0.2,0.82838,-0.17376,0.34151,0.746,-0.666,-0.012,0.004
0.25,0.82442,-0.17019,0.34095,0.746,-0.666,-0.012,0.004
0.3,0.82047,-0.16654,0.34027,0.746,-0.666,-0.012,0.004
0.35,0.81653,-0.1628,0.33946,0.746,-0.666,-0.012,0.004
0.4,0.81263,-0.15896,0.33853,0.746,-0.666,-0.012,0.004
0.45,0.80876,-0.15501,0.33744,0.746,-0.666,-0.012,0.004
0.5,0.80494,-0.15095,0.3362,0.746,-0.666,-0.012,0.004
0.55,0.80119,-0.14677,0.3348,0.746,-0.666,-0.012,0.004
0.6,0.79752,-0.14247,0.33322,0.746,-0.666,-0.012,0.004
0.65,0.79394,-0.13806,0.33147,0.746,-0.666,-0.012,0.004
0.7,0.79047,-0.13355,0.32954,0.746,-0.666,-0.012,0.004
0.75,0.78712,-0.12894,0.32743,0.746,-0.666,-0.012,0.004
0.8,0.78387,-0.12425,0.32514,0.746,-0.666,-0.012,0.004
0.85,0.78075,-0.11948,0.32267,0.746,-0.666,-0.012,0.004
0.9,0.77775,-0.11464,0.32002,0.746,-0.666,-0.012,0.004
0.95,0.77488,-0.10974,0.31718,0.746,-0.666,-0.012,0.004
1,0.77214,-0.10478,0.31415,0.746,-0.666,-0.012,0.004
1.05,0.76954,-0.099783,0.31093,0.746,-0.666,-0.012,0.004
1.1,0.76708,-0.094749,0.30752,0.746,-0.666,-0.012,0.004
1.15,0.76476,-0.089688,0.30392,0.746,-0.666,-0.012,0.004
1.2,0.76259,-0.08461,0.30012,0.746,-0.666,-0.012,0.004
1.25,0.76057,-0.079524,0.29614,0.746,-0.666,-0.012,0.004
1.3,0.75871,-0.074439,0.29196,0.746,-0.666,-0.012,0.004
1.35,0.75701,-0.069364,0.28759,0.746,-0.666,-0.012,0.004
1.4,0.75546,-0.06431,0.28304,0.746,-0.666,-0.012,0.004
1.45,0.75408,-0.059285,0.2783,0.746,-0.666,-0.012,0.004
1.5,0.75286,-0.054297,0.27339,0.746,-0.666,-0.012,0.004
1.55,0.75181,-0.049354,0.26831,0.746,-0.666,-0.012,0.004
1.6,0.75092,-0.044463,0.26307,0.746,-0.666,-0.012,0.004
1.65,0.75019,-0.039631,0.25769,0.746,-0.666,-0.012,0.004
1.7,0.74961,-0.034861,0.25216,0.746,-0.666,-0.012,0.004
1.75,0.74919,-0.030158,0.24651,0.746,-0.666,-0.012,0.004
1.8,0.74892,-0.025524,0.24076,0.746,-0.666,-0.012,0.004
1.85,0.7488,-0.02096,0.2349,0.746,-0.666,-0.012,0.004
1.9,0.74881,-0.016466,0.22896,0.746,-0.666,-0.012,0.004
1.95,0.74895,-0.012044,0.22295,0.746,-0.666,-0.012,0.004
2,0.74922,-0.0076906,0.21689,0.746,-0.666,-0.012,0.004
2.05,0.74961,-0.0034064,0.21078,0.746,-0.666,-0.012,0.004
2.1,0.75011,0.00081046,0.20463,0.746,-0.666,-0.012,0.004
2.15,0.75073,0.0049614,0.19847,0.746,-0.666,-0.012,0.004
2.2,0.75144,0.0090481,0.19229,0.746,-0.666,-0.012,0.004
2.25,0.75226,0.013072,0.18611,0.746,-0.666,-0.012,0.004
2.3,0.75317,0.017035,0.17995,0.746,-0.666,-0.012,0.004
2.35,0.75416,0.020939,0.1738,0.746,-0.666,-0.012,0.004
2.4,0.75524,0.024784,0.16769,0.746,-0.666,-0.012,0.004
2.45,0.75639,0.028574,0.16162,0.746,-0.666,-0.012,0.004
2.5,0.75762,0.03231,0.1556,0.746,-0.666,-0.012,0.004
2.55,0.75891,0.035992,0.14964,0.746,-0.666,-0.012,0.004
2.6,0.76027,0.039624,0.14375,0.746,-0.666,-0.012,0.004
2.65,0.76168,0.043206,0.13794,0.746,-0.666,-0.012,0.004
2.7,0.76314,0.046741,0.13222,0.746,-0.666,-0.012,0.004
2.75,0.76465,0.05023,0.1266,0.746,-0.666,-0.012,0.004
2.8,0.7662,0.053675,0.1211,0.746,-0.666,-0.012,0.004
2.85,0.76778,0.057077,0.11572,0.746,-0.666,-0.012,0.004
2.9,0.76939,0.06044,0.11047,0.746,-0.666,-0.012,0.004
2.95,0.77103,0.063765,0.10536,0.746,-0.666,-0.012,0.004
3,0.77268,0.067055,0.10041,0.746,-0.666,-0.012,0.004
3.05,0.77434,0.070313,0.095629,0.746,-0.666,-0.012,0.004
3.1,0.77601,0.073541,0.091024,0.746,-0.666,-0.012,0.004
3.15,0.77767,0.076743,0.086611,0.746,-0.666,-0.012,0.004
3.2,0.77931,0.079924,0.082399,0.746,-0.666,-0.012,0.004
3.25,0.78093,0.083086,0.078402,0.746,-0.666,-0.012,0.004
3.3,0.78251,0.086235,0.074629,0.746,-0.666,-0.012,0.004
3.35,0.78404,0.089376,0.07109,0.746,-0.666,-0.012,0.004
3.4,0.78552,0.092513,0.067792,0.746,-0.666,-0.012,0.004
3.45,0.78692,0.095652,0.064741,0.746,-0.666,-0.012,0.004
3.5,0.78824,0.098796,0.061939,0.746,-0.666,-0.012,0.004
3.55,0.78947,0.10195,0.059385,0.746,-0.666,-0.012,0.004
3.6,0.79058,0.10512,0.057077,0.746,-0.666,-0.012,0.004
3.65,0.79157,0.1083,0.055009,0.746,-0.666,-0.012,0.004
3.7,0.79243,0.11151,0.053173,0.746,-0.666,-0.012,0.004
3.75,0.79315,0.11473,0.051559,0.746,-0.666,-0.012,0.004
3.8,0.79371,0.11797,0.050154,0.746,-0.666,-0.012,0.004
3.85,0.79412,0.12124,0.048947,0.746,-0.666,-0.012,0.004
3.9,0.79436,0.12453,0.047923,0.746,-0.666,-0.012,0.004
3.95,0.79443,0.12784,0.047068,0.746,-0.666,-0.012,0.004
4,0.79431,0.13117,0.046366,0.746,-0.666,-0.012,0.004
4.05,0.79402,0.13451,0.045802,0.746,-0.666,-0.012,0.004
4.1,0.79353,0.13788,0.045362,0.746,-0.666,-0.012,0.004
4.15,0.79285,0.14125,0.045029,0.746,-0.666,-0.012,0.004
4.2,0.79197,0.14464,0.044789,0.746,-0.666,-0.012,0.004
4.25,0.79089,0.14805,0.044627,0.746,-0.666,-0.012,0.004
4.3,0.78961,0.15146,0.044526,0.746,-0.666,-0.012,0.004
4.35,0.78811,0.15487,0.044472,0.746,-0.666,-0.012,0.004
4.4,0.7864,0.15829,0.044449,0.746,-0.666,-0.012,0.004
4.45,0.78447,0.16171,0.044441,0.746,-0.666,-0.012,0.004
4.5,0.78232,0.16513,0.04443,0.746,-0.666,-0.012,0.004
4.55,0.77994,0.16854,0.044404,0.746,-0.666,-0.012,0.004
4.6,0.77734,0.17195,0.044354,0.746,-0.666,-0.012,0.004
4.65,0.77453,0.17535,0.044275,0.746,-0.666,-0.012,0.004
4.7,0.77153,0.17874,0.044167,0.746,-0.666,-0.012,0.004
4.75,0.76834,0.18213,0.044031,0.746,-0.666,-0.012,0.004
4.8,0.76498,0.18551,0.043868,0.746,-0.666,-0.012,0.004
4.85,0.76147,0.18888,0.043679,0.746,-0.666,-0.012,0.004
4.9,0.75782,0.19225,0.043467,0.746,-0.666,-0.012,0.004
4.95,0.75405,0.19562,0.04323,0.746,-0.666,-0.012,0.004
5,0.75015,0.19898,0.042968,0.746,-0.666,-0.012,0.004
