0.05,0.49727,0.50472,0.1371,0.746,-0.666,-0.012,0.004
0.1,0.4967,0.5012,0.1388,0.746,-0.666,-0.012,0.004
0.15,0.49613,0.49773,0.1404,0.746,-0.666,-0.012,0.004
0.2,0.49555,0.49433,0.14192,0.746,-0.666,-0.012,0.004
0.25,0.49498,0.491,0.14333,0.746,-0.666,-0.012,0.004
0.3,0.49441,0.48775,0.14464,0.746,-0.666,-0.012,0.004
0.35,0.49386,0.48459,0.14581,0.746,-0.666,-0.012,0.004
0.4,0.49334,0.48153,0.14686,0.746,-0.666,-0.012,0.004
0.45,0.49286,0.47857,0.14776,0.746,-0.666,-0.012,0.004
0.5,0.49243,0.47573,0.1485,0.746,-0.666,-0.012,0.004
0.55,0.49207,0.47301,0.14908,0.746,-0.666,-0.012,0.004
0.6,0.49179,0.47041,0.14948,0.746,-0.666,-0.012,0.004
0.65,0.4916,0.46792,0.14971,0.746,-0.666,-0.012,0.004
0.7,0.49151,0.46553,0.14976,0.746,-0.666,-0.012,0.004
0.75,0.49154,0.46324,0.14963,0.746,-0.666,-0.012,0.004
0.8,0.49168,0.46103,0.14933,0.746,-0.666,-0.012,0.004
0.85,0.49195,0.4589,0.14884,0.746,-0.666,-0.012,0.004
0.9,0.49234,0.45684,0.14817,0.746,-0.666,-0.012,0.004
0.95,0.49285,0.45484,0.14731,0.746,-0.666,-0.012,0.004
1,0.4935,0.45289,0.14626,0.746,-0.666,-0.012,0.004
1.05,0.49428,0.45099,0.14502,0.746,-0.666,-0.012,0.004
1.1,0.49521,0.44912,0.14359,0.746,-0.666,-0.012,0.004
1.15,0.49628,0.44728,0.14197,0.746,-0.666,-0.012,0.004
1.2,0.4975,0.44546,0.14016,0.746,-0.666,-0.012,0.004
1.25,0.49887,0.44365,0.13816,0.746,-0.666,-0.012,0.004
1.3,0.50039,0.44183,0.13596,0.746,-0.666,-0.012,0.004
1.35,0.50207,0.44,0.13358,0.746,-0.666,-0.012,0.004
1.4,0.50392,0.43816,0.131,0.746,-0.666,-0.012,0.004
1.45,0.50592,0.43628,0.12825,0.746,-0.666,-0.012,0.004
1.5,0.50809,0.43437,0.12532,0.746,-0.666,-0.012,0.004
1.55,0.51042,0.43241,0.12222,0.746,-0.666,-0.012,0.004
1.6,0.51292,0.4304,0.11896,0.746,-0.666,-0.012,0.004
1.65,0.51558,0.42833,0.11556,0.746,-0.666,-0.012,0.004
1.7,0.51839,0.4262,0.11202,0.746,-0.666,-0.012,0.004
1.75,0.52136,0.424,0.10835,0.746,-0.666,-0.012,0.004
1.8,0.52447,0.42174,0.10457,0.746,-0.666,-0.012,0.004
1.85,0.52773,0.4194,0.1007,0.746,-0.666,-0.012,0.004
1.9,0.53113,0.41699,0.096743,0.746,-0.666,-0.012,0.004
1.95,0.53466,0.41451,0.092716,0.746,-0.666,-0.012,0.004
2,0.53831,0.41196,0.088632,0.746,-0.666,-0.012,0.004
2.05,0.54209,0.40935,0.084503,0.746,-0.666,-0.012,0.004
2.1,0.54598,0.40666,0.08034,0.746,-0.666,-0.012,0.004
2.15,0.54998,0.40391,0.076156,0.746,-0.666,-0.012,0.004
2.2,0.55409,0.4011,0.071962,0.746,-0.666,-0.012,0.004
2.25,0.55829,0.39822,0.067767,0.746,-0.666,-0.012,0.004
2.3,0.56258,0.39528,0.063583,0.746,-0.666,-0.012,0.004
2.35,0.56697,0.39229,0.05942,0.746,-0.666,-0.012,0.004
2.4,0.57143,0.38923,0.055288,0.746,-0.666,-0.012,0.004
2.45,0.57597,0.38612,0.051197,0.746,-0.666,-0.012,0.004
2.5,0.58059,0.38295,0.047157,0.746,-0.666,-0.012,0.004
2.55,0.58527,0.37974,0.043178,0.746,-0.666,-0.012,0.004
2.6,0.59001,0.37647,0.03927,0.746,-0.666,-0.012,0.004
2.65,0.59481,0.37315,0.035443,0.746,-0.666,-0.012,0.004
2.7,0.59965,0.36978,0.031707,0.746,-0.666,-0.012,0.004
2.75,0.60455,0.36637,0.028073,0.746,-0.666,-0.012,0.004
2.8,0.60948,0.36291,0.02455,0.746,-0.666,-0.012,0.004
2.85,0.61446,0.35941,0.021149,0.746,-0.666,-0.012,0.004
2.9,0.61945,0.35588,0.017881,0.746,-0.666,-0.012,0.004
2.95,0.62448,0.3523,0.014757,0.746,-0.666,-0.012,0.004
3,0.62952,0.34869,0.011789,0.746,-0.666,-0.012,0.004
3.05,0.63456,0.34505,0.0089875,0.746,-0.666,-0.012,0.004
3.1,0.63961,0.34137,0.0063648,0.746,-0.666,-0.012,0.004
3.15,0.64466,0.33767,0.0039328,0.746,-0.666,-0.012,0.004
3.2,0.64969,0.33395,0.0017033,0.746,-0.666,-0.012,0.004
3.25,0.65469,0.33022,-0.00031226,0.746,-0.666,-0.012,0.004
3.3,0.65966,0.32646,-0.0021034,0.746,-0.666,-0.012,0.004
3.35,0.66459,0.3227,-0.0036607,0.746,-0.666,-0.012,0.004
3.4,0.66945,0.31894,-0.0049769,0.746,-0.666,-0.012,0.004
3.45,0.67424,0.31518,-0.0060466,0.746,-0.666,-0.012,0.004
3.5,0.67895,0.31142,-0.0068673,0.746,-0.666,-0.012,0.004
3.55,0.68356,0.30767,-0.0074393,0.746,-0.666,-0.012,0.004
3.6,0.68806,0.30394,-0.0077656,0.746,-0.666,-0.012,0.004
3.65,0.69243,0.30022,-0.0078518,0.746,-0.666,-0.012,0.004
3.7,0.69668,0.29652,-0.0077062,0.746,-0.666,-0.012,0.004
3.75,0.70078,0.29285,-0.0073387,0.746,-0.666,-0.012,0.004
3.8,0.70474,0.28919,-0.0067612,0.746,-0.666,-0.012,0.004
3.85,0.70853,0.28556,-0.0059867,0.746,-0.666,-0.012,0.004
3.9,0.71216,0.28194,-0.005029,0.746,-0.666,-0.012,0.004
3.95,0.71561,0.27835,-0.0039028,0.746,-0.666,-0.012,0.004
4,0.71889,0.27478,-0.0026229,0.746,-0.666,-0.012,0.004
4.05,0.72198,0.27122,-0.0012047,0.746,-0.666,-0.012,0.004
4.1,0.72488,0.26769,0.0003367,0.746,-0.666,-0.012,0.004
4.15,0.72759,0.26416,0.0019859,0.746,-0.666,-0.012,0.004
4.2,0.7301,0.26065,0.0037276,0.746,-0.666,-0.012,0.004
4.25,0.7324,0.25715,0.0055466,0.746,-0.666,-0.012,0.004
4.3,0.73451,0.25366,0.0074279,0.746,-0.666,-0.012,0.004
4.35,0.7364,0.25018,0.0093558,0.746,-0.666,-0.012,0.004
4.4,0.73807,0.2467,0.011314,0.746,-0.666,-0.012,0.004
4.45,0.73953,0.24321,0.013287,0.746,-0.666,-0.012,0.004
4.5,0.74076,0.23973,0.015259,0.746,-0.666,-0.012,0.004
4.55,0.74177,0.23624,0.017215,0.746,-0.666,-0.012,0.004
4.6,0.74256,0.23275,0.019146,0.746,-0.666,-0.012,0.004
4.65,0.74314,0.22924,0.021049,0.746,-0.666,-0.012,0.004
4.7,0.74352,0.22574,0.022923,0.746,-0.666,-0.012,0.004
4.75,0.74372,0.22222,0.024768,0.746,-0.666,-0.012,0.004
4.8,0.74375,0.2187,0.026587,0.746,-0.666,-0.012,0.004
4.85,0.74363,0.21518,0.02838,0.746,-0.666,-0.012,0.004
4.9,0.74337,0.21165,0.030149,0.746,-0.666,-0.012,0.004
4.95,0.74298,0.20811,0.031894,0.746,-0.666,-0.012,0.004
5,0.74247,0.20457,0.033614,0.746,-0.666,-0.012,0.004
