0.05,0.12539,0.12049,0.28644,0.746,-0.666,-0.012,0.004
0.1,0.12859,0.12087,0.28662,0.746,-0.666,-0.012,0.004
0.15,0.13178,0.12131,0.28671,0.746,-0.666,-0.012,0.004
0.2,0.13497,0.12182,0.28671,0.746,-0.666,-0.012,0.004
0.25,0.13817,0.1224,0.28661,0.746,-0.666,-0.012,0.004
0.3,0.14137,0.12306,0.28639,0.746,-0.666,-0.012,0.004
0.35,0.14459,0.1238,0.28606,0.746,-0.666,-0.012,0.004
0.4,0.14784,0.12465,0.28558,0.746,-0.666,-0.012,0.004
0.45,0.15113,0.1256,0.28497,0.746,-0.666,-0.012,0.004
0.5,0.15447,0.12667,0.28419,0.746,-0.666,-0.012,0.004
0.55,0.15787,0.12786,0.28325,0.746,-0.666,-0.012,0.004
0.6,0.16136,0.12916,0.28214,0.746,-0.666,-0.012,0.004
0.65,0.16494,0.13058,0.28085,0.746,-0.666,-0.012,0.004
0.7,0.16863,0.1321,0.27939,0.746,-0.666,-0.012,0.004
0.75,0.17242,0.13371,0.27775,0.746,-0.666,-0.012,0.004
0.8,0.17634,0.13541,0.27592,0.746,-0.666,-0.012,0.004
0.85,0.18037,0.13719,0.27392,0.746,-0.666,-0.012,0.004
0.9,0.18453,0.13904,0.27173,0.746,-0.666,-0.012,0.004
0.95,0.18881,0.14095,0.26935,0.746,-0.666,-0.012,0.004
1,0.19323,0.14291,0.26679,0.746,-0.666,-0.012,0.004
1.05,0.19778,0.14492,0.26404,0.746,-0.666,-0.012,0.004
1.1,0.20248,0.14696,0.2611,0.746,-0.666,-0.012,0.004
1.15,0.20731,0.14903,0.25796,0.746,-0.666,-0.012,0.004
1.2,0.2123,0.15111,0.25463,0.746,-0.666,-0.012,0.004
1.25,0.21744,0.1532,0.25111,0.746,-0.666,-0.012,0.004
1.3,0.22273,0.1553,0.2474,0.746,-0.666,-0.012,0.004
1.35,0.22818,0.15738,0.2435,0.746,-0.666,-0.012,0.004
1.4,0.2338,0.15944,0.23941,0.746,-0.666,-0.012,0.004
1.45,0.23957,0.16147,0.23514,0.746,-0.666,-0.012,0.004
1.5,0.24551,0.16347,0.23069,0.746,-0.666,-0.012,0.004
1.55,0.25161,0.16542,0.22608,0.746,-0.666,-0.012,0.004
1.6,0.25788,0.16731,0.2213,0.746,-0.666,-0.012,0.004
1.65,0.2643,0.16915,0.21638,0.746,-0.666,-0.012,0.004
1.7,0.27088,0.17093,0.21132,0.746,-0.666,-0.012,0.004
1.75,0.27762,0.17264,0.20614,0.746,-0.666,-0.012,0.004
1.8,0.2845,0.17428,0.20085,0.746,-0.666,-0.012,0.004
1.85,0.29153,0.17585,0.19546,0.746,-0.666,-0.012,0.004
1.9,0.2987,0.17735,0.18999,0.746,-0.666,-0.012,0.004
1.95,0.306,0.17878,0.18444,0.746,-0.666,-0.012,0.004
2,0.31342,0.18014,0.17884,0.746,-0.666,-0.012,0.004
2.05,0.32097,0.18143,0.1732,0.746,-0.666,-0.012,0.004
2.1,0.32863,0.18266,0.16752,0.746,-0.666,-0.012,0.004
2.15,0.3364,0.18382,0.16182,0.746,-0.666,-0.012,0.004
2.2,0.34427,0.18491,0.15611,0.746,-0.666,-0.012,0.004
2.25,0.35224,0.18594,0.1504,0.746,-0.666,-0.012,0.004
2.3,0.36031,0.18691,0.1447,0.746,-0.666,-0.012,0.004
2.35,0.36846,0.18782,0.13902,0.746,-0.666,-0.012,0.004
2.4,0.37669,0.18867,0.13337,0.746,-0.666,-0.012,0.004
2.45,0.385,0.18947,0.12776,0.746,-0.666,-0.012,0.004
2.5,0.39339,0.19021,0.12221,0.746,-0.666,-0.012,0.004
2.55,0.40184,0.1909,0.11671,0.746,-0.666,-0.012,0.004
2.6,0.41035,0.19154,0.11129,0.746,-0.666,-0.012,0.004
2.65,0.41891,0.19213,0.10595,0.746,-0.666,-0.012,0.004
2.7,0.42753,0.19267,0.1007,0.746,-0.666,-0.012,0.004
2.75,0.4362,0.19317,0.095545,0.746,-0.666,-0.012,0.004
2.8,0.4449,0.19362,0.090506,0.746,-0.666,-0.012,0.004
2.85,0.45364,0.19403,0.085589,0.746,-0.666,-0.012,0.004
2.9,0.46241,0.1944,0.080805,0.746,-0.666,-0.012,0.004
2.95,0.4712,0.19473,0.076165,0.746,-0.666,-0.012,0.004
3,0.48001,0.19503,0.071681,0.746,-0.666,-0.012,0.004
3.05,0.48883,0.19529,0.067363,0.746,-0.666,-0.012,0.004
3.1,0.49764,0.19553,0.063225,0.746,-0.666,-0.012,0.004
3.15,0.50646,0.19574,0.059277,0.746,-0.666,-0.012,0.004
3.2,0.51526,0.19592,0.055531,0.746,-0.666,-0.012,0.004
3.25,0.52403,0.19609,0.051999,0.746,-0.666,-0.012,0.004
3.3,0.53277,0.19625,0.048692,0.746,-0.666,-0.012,0.004
3.35,0.54146,0.1964,0.045619,0.746,-0.666,-0.012,0.004
3.4,0.55009,0.19654,0.042787,0.746,-0.666,-0.012,0.004
3.45,0.55865,0.19669,0.040201,0.746,-0.666,-0.012,0.004
3.5,0.56713,0.19684,0.037864,0.746,-0.666,-0.012,0.004
3.55,0.57551,0.197,0.035776,0.746,-0.666,-0.012,0.004
3.6,0.58378,0.19717,0.033934,0.746,-0.666,-0.012,0.004
3.65,0.59192,0.19736,0.032332,0.746,-0.666,-0.012,0.004
3.7,0.59994,0.19757,0.030961,0.746,-0.666,-0.012,0.004
3.75,0.60781,0.1978,0.029813,0.746,-0.666,-0.012,0.004
3.8,0.61553,0.19806,0.028874,0.746,-0.666,-0.012,0.004
3.85,0.6231,0.19833,0.028133,0.746,-0.666,-0.012,0.004
3.9,0.63049,0.19862,0.027574,0.746,-0.666,-0.012,0.004
3.95,0.63772,0.19894,0.027184,0.746,-0.666,-0.012,0.004
4,0.64476,0.19928,0.026948,0.746,-0.666,-0.012,0.004
4.05,0.65162,0.19963,0.02685,0.746,-0.666,-0.012,0.004
4.1,0.65829,0.2,0.026876,0.746,-0.666,-0.012,0.004
4.15,0.66477,0.20038,0.027009,0.746,-0.666,-0.012,0.004
4.2,0.67105,0.20078,0.027235,0.746,-0.666,-0.012,0.004
4.25,0.67712,0.20119,0.027538,0.746,-0.666,-0.012,0.004
4.3,0.68299,0.20161,0.027903,0.746,-0.666,-0.012,0.004
4.35,0.68865,0.20203,0.028315,0.746,-0.666,-0.012,0.004
4.4,0.6941,0.20246,0.028757,0.746,-0.666,-0.012,0.004
4.45,0.69933,0.20288,0.029214,0.746,-0.666,-0.012,0.004
4.5,0.70433,0.20331,0.029669,0.746,-0.666,-0.012,0.004
4.55,0.70911,0.20373,0.030109,0.746,-0.666,-0.012,0.004
4.6,0.71366,0.20414,0.030525,0.746,-0.666,-0.012,0.004
4.65,0.71801,0.20455,0.030912,0.746,-0.666,-0.012,0.004
4.7,0.72216,0.20495,0.031269,0.746,-0.666,-0.012,0.004
4.75,0.72613,0.20534,0.031599,0.746,-0.666,-0.012,0.004
4.8,0.72993,0.20573,0.031901,0.746,-0.666,-0.012,0.004
4.85,0.73358,0.20611,0.032178,0.746,-0.666,-0.012,0.004
4.9,0.73709,0.20649,0.032431,0.746,-0.666,-0.012,0.004
4.95,0.74046,0.20686,0.03266,0.746,-0.666,-0.012,0.004
5,0.74372,0.20723,0.032864,0.746,-0.666,-0.012,0.004
