0.05,0.70293,-0.31815,0.35836,0.998,0.065,-0.013,-0.018
0.1,0.69178,-0.29741,0.36259,0.998,0.065,-0.013,-0.018
0.15,0.68183,-0.2784,0.36529,0.998,0.065,-0.013,-0.018
0.2,0.67341,-0.26124,0.36639,0.998,0.065,-0.013,-0.018
0.25,0.66657,-0.24562,0.3661,0.998,0.065,-0.013,-0.018
0.3,0.66123,-0.2312,0.36465,0.998,0.065,-0.013,-0.018
0.35,0.65731,-0.21766,0.3622,0.998,0.065,-0.013,-0.018
0.4,0.65469,-0.20477,0.35889,0.998,0.065,-0.013,-0.018
0.45,0.65329,-0.19234,0.35485,0.998,0.065,-0.013,-0.018
0.5,0.653,-0.1802,0.35013,0.998,0.065,-0.013,-0.018
0.55,0.65375,-0.16824,0.34479,0.998,0.065,-0.013,-0.018
0.6,0.65545,-0.15639,0.33885,0.998,0.065,-0.013,-0.018
0.65,0.65811,-0.14462,0.33234,0.998,0.065,-0.013,-0.018
0.7,0.66176,-0.13293,0.32527,0.998,0.065,-0.013,-0.018
0.75,0.66644,-0.12133,0.31759,0.998,0.065,-0.013,-0.018
0.8,0.67218,-0.10993,0.30925,0.998,0.065,-0.013,-0.018
0.85,0.67895,-0.098924,0.30016,0.998,0.065,-0.013,-0.018
0.9,0.68665,-0.088607,0.29026,0.998,0.065,-0.013,-0.018
0.95,0.69497,-0.079284,0.27962,0.998,0.065,-0.013,-0.018
1,0.70343,-0.071127,0.26845,0.998,0.065,-0.013,-0.018
1.05,0.71144,-0.064073,0.25713,0.998,0.065,-0.013,-0.018
1.1,0.7185,-0.057943,0.24598,0.998,0.065,-0.013,-0.018
1.15,0.72434,-0.052677,0.23516,0.998,0.065,-0.013,-0.018
1.2,0.72892,-0.048391,0.22473,0.998,0.065,-0.013,-0.018
1.25,0.73225,-0.045244,0.21473,0.998,0.065,-0.013,-0.018
1.3,0.73445,-0.043295,0.20529,0.998,0.065,-0.013,-0.018
1.35,0.73572,-0.042426,0.19656,0.998,0.065,-0.013,-0.018
1.4,0.73642,-0.042343,0.18859,0.998,0.065,-0.013,-0.018
1.45,0.73697,-0.042651,0.18139,0.998,0.065,-0.013,-0.018
1.5,0.73769,-0.042975,0.17486,0.998,0.065,-0.013,-0.018
1.55,0.73871,-0.04302,0.16897,0.998,0.065,-0.013,-0.018
1.6,0.73966,-0.042744,0.16401,0.998,0.065,-0.013,-0.018
1.65,0.73865,-0.043137,0.16171,0.998,0.065,-0.013,-0.018
1.7,0.7375,-0.043186,0.1602,0.998,0.065,-0.013,-0.018
1.75,0.73655,-0.042852,0.159,0.998,0.065,-0.013,-0.018
1.8,0.73578,-0.042265,0.15807,0.998,0.065,-0.013,-0.018
1.85,0.73507,-0.04151,0.15753,0.998,0.065,-0.013,-0.018
1.9,0.73429,-0.040585,0.15757,0.998,0.065,-0.013,-0.018
1.95,0.73324,-0.039385,0.15845,0.998,0.065,-0.013,-0.018
2,0.73168,-0.03769,0.16044,0.998,0.065,-0.013,-0.018
2.05,0.72932,-0.035176,0.16365,0.998,0.065,-0.013,-0.018
2.1,0.726,-0.031524,0.16784,0.998,0.065,-0.013,-0.018
2.15,0.72183,-0.02657,0.1724,0.998,0.065,-0.013,-0.018
2.2,0.71691,-0.020323,0.1766,0.998,0.065,-0.013,-0.018
2.25,0.71117,-0.012975,0.17979,0.998,0.065,-0.013,-0.018
2.3,0.70463,-0.0049052,0.18152,0.998,0.065,-0.013,-0.018
2.35,0.69756,0.0034974,0.1816,0.998,0.065,-0.013,-0.018
2.4,0.69034,0.011911,0.18012,0.998,0.065,-0.013,-0.018
2.45,0.68326,0.020096,0.17737,0.998,0.065,-0.013,-0.018
2.5,0.67646,0.027914,0.17363,0.998,0.065,-0.013,-0.018
2.55,0.66999,0.035309,0.16913,0.998,0.065,-0.013,-0.018
2.6,0.66386,0.042275,0.164,0.998,0.065,-0.013,-0.018
2.65,0.65804,0.048814,0.15827,0.998,0.065,-0.013,-0.018
2.7,0.65252,0.054908,0.15186,0.998,0.065,-0.013,-0.018
2.75,0.6473,0.060492,0.14458,0.998,0.065,-0.013,-0.018
2.8,0.64244,0.065447,0.13624,0.998,0.065,-0.013,-0.018
2.85,0.638,0.069653,0.12686,0.998,0.065,-0.013,-0.018
2.9,0.6341,0.073137,0.11689,0.998,0.065,-0.013,-0.018
2.95,0.63071,0.076192,0.10702,0.998,0.065,-0.013,-0.018
3,0.62775,0.079154,0.097692,0.998,0.065,-0.013,-0.018
3.05,0.62532,0.082045,0.089174,0.998,0.065,-0.013,-0.018
3.1,0.62377,0.084491,0.081923,0.998,0.065,-0.013,-0.018
3.15,0.62342,0.085774,0.076697,0.998,0.065,-0.013,-0.018
3.2,0.62438,0.085111,0.074355,0.998,0.065,-0.013,-0.018
3.25,0.62601,0.08296,0.074986,0.998,0.065,-0.013,-0.018
3.3,0.6252,0.085744,0.075232,0.998,0.065,-0.013,-0.018
3.35,0.6245,0.088061,0.077331,0.998,0.065,-0.013,-0.018
3.4,0.62411,0.089805,0.080946,0.998,0.065,-0.013,-0.018
3.45,0.62395,0.091517,0.085539,0.998,0.065,-0.013,-0.018
3.5,0.62396,0.093537,0.090771,0.998,0.065,-0.013,-0.018
3.55,0.62419,0.096009,0.096494,0.998,0.065,-0.013,-0.018
3.6,0.6247,0.098985,0.10269,0.998,0.065,-0.013,-0.018
3.65,0.62558,0.10249,0.10938,0.998,0.065,-0.013,-0.018
3.7,0.62684,0.10655,0.11657,0.998,0.065,-0.013,-0.018
3.75,0.62844,0.11113,0.12409,0.998,0.065,-0.013,-0.018
3.8,0.63027,0.11618,0.13159,0.998,0.065,-0.013,-0.018
3.85,0.63232,0.12161,0.1387,0.998,0.065,-0.013,-0.018
3.9,0.63465,0.12744,0.14522,0.998,0.065,-0.013,-0.018
3.95,0.63735,0.1338,0.15114,0.998,0.065,-0.013,-0.018
4,0.64043,0.14075,0.15653,0.998,0.065,-0.013,-0.018
4.05,0.64373,0.14818,0.16143,0.998,0.065,-0.013,-0.018
4.1,0.64711,0.1559,0.16573,0.998,0.065,-0.013,-0.018
4.15,0.65045,0.16367,0.16917,0.998,0.065,-0.013,-0.018
4.2,0.6537,0.1713,0.17154,0.998,0.065,-0.013,-0.018
4.25,0.65685,0.17866,0.1728,0.998,0.065,-0.013,-0.018
4.3,0.65993,0.18568,0.17313,0.998,0.065,-0.013,-0.018
4.35,0.66295,0.19235,0.17279,0.998,0.065,-0.013,-0.018
4.4,0.66593,0.19868,0.17203,0.998,0.065,-0.013,-0.018
4.45,0.66886,0.2047,0.17101,0.998,0.065,-0.013,-0.018
4.5,0.67176,0.21045,0.16985,0.998,0.065,-0.013,-0.018
4.55,0.67465,0.21595,0.16861,0.998,0.065,-0.013,-0.018
4.6,0.67755,0.22123,0.16735,0.998,0.065,-0.013,-0.018
4.65,0.68053,0.22629,0.16606,0.998,0.065,-0.013,-0.018
4.7,0.68362,0.23112,0.16476,0.998,0.065,-0.013,-0.018
4.75,0.68692,0.23564,0.16341,0.998,0.065,-0.013,-0.018
4.8,0.69051,0.23974,0.162,0.998,0.065,-0.013,-0.018
4.85,0.69458,0.24318,0.16052,0.998,0.065,-0.013,-0.018
4.9,0.69932,0.24564,0.15899,0.998,0.065,-0.013,-0.018
4.95,0.70501,0.24668,0.15748,0.998,0.065,-0.013,-0.018
5,0.71178,0.2461,0.15602,0.998,0.065,-0.013,-0.018
