0.05,0.48579,-0.28311,0.45294,0.998,0.065,-0.013,-0.018
0.1,0.49558,-0.26401,0.4412,0.998,0.065,-0.013,-0.018
0.15,0.50521,-0.24654,0.42977,0.998,0.065,-0.013,-0.018
0.2,0.5147,-0.23091,0.41886,0.998,0.065,-0.013,-0.018
0.25,0.52414,-0.21686,0.40852,0.998,0.065,-0.013,-0.018
0.3,0.53361,-0.20406,0.39871,0.998,0.065,-0.013,-0.018
0.35,0.54315,-0.19221,0.38935,0.998,0.065,-0.013,-0.018
0.4,0.55283,-0.18106,0.38036,0.998,0.065,-0.013,-0.018
0.45,0.56268,-0.17041,0.37167,0.998,0.065,-0.013,-0.018
0.5,0.57272,-0.16007,0.36316,0.998,0.065,-0.013,-0.018
0.55,0.583,-0.14993,0.35472,0.998,0.065,-0.013,-0.018
0.6,0.59353,-0.13989,0.34628,0.998,0.065,-0.013,-0.018
0.65,0.60429,-0.12992,0.33778,0.998,0.065,-0.013,-0.018
0.7,0.61532,-0.11999,0.32918,0.998,0.065,-0.013,-0.018
0.75,0.62662,-0.11008,0.32036,0.998,0.065,-0.013,-0.018
0.8,0.63817,-0.10025,0.3112,0.998,0.065,-0.013,-0.018
0.85,0.64989,-0.090652,0.30154,0.998,0.065,-0.013,-0.018
0.9,0.66163,-0.081535,0.29128,0.998,0.065,-0.013,-0.018
0.95,0.67314,-0.073173,0.2804,0.998,0.065,-0.013,-0.018
1,0.68415,-0.06575,0.26907,0.998,0.065,-0.013,-0.018
1.05,0.69438,-0.059266,0.2576,0.998,0.065,-0.013,-0.018
1.1,0.70363,-0.053638,0.24629,0.998,0.065,-0.013,-0.018
1.15,0.71179,-0.048878,0.23534,0.998,0.065,-0.013,-0.018
1.2,0.71878,-0.045132,0.22483,0.998,0.065,-0.013,-0.018
1.25,0.72451,-0.042576,0.21481,0.998,0.065,-0.013,-0.018
1.3,0.72898,-0.041281,0.20542,0.998,0.065,-0.013,-0.018
1.35,0.73228,-0.041152,0.19675,0.998,0.065,-0.013,-0.018
1.4,0.7347,-0.041929,0.18884,0.998,0.065,-0.013,-0.018
1.45,0.73667,-0.043335,0.18164,0.998,0.065,-0.013,-0.018
1.5,0.73863,-0.045252,0.17516,0.998,0.065,-0.013,-0.018
1.55,0.74078,-0.047641,0.16948,0.998,0.065,-0.013,-0.018
1.6,0.7426,-0.049826,0.16487,0.998,0.065,-0.013,-0.018
1.65,0.74099,-0.047918,0.16194,0.998,0.065,-0.013,-0.018
1.7,0.7391,-0.045806,0.15998,0.998,0.065,-0.013,-0.018
1.75,0.73759,-0.044174,0.1586,0.998,0.065,-0.013,-0.018
1.8,0.73644,-0.042922,0.15765,0.998,0.065,-0.013,-0.018
1.85,0.73549,-0.041849,0.15715,0.998,0.065,-0.013,-0.018
1.9,0.73456,-0.040773,0.15726,0.998,0.065,-0.013,-0.018
1.95,0.73342,-0.039498,0.15821,0.998,0.065,-0.013,-0.018
2,0.7318,-0.037764,0.16026,0.998,0.065,-0.013,-0.018
2.05,0.72941,-0.035228,0.16351,0.998,0.065,-0.013,-0.018
2.1,0.72607,-0.031564,0.16772,0.998,0.065,-0.013,-0.018
2.15,0.72188,-0.026602,0.17231,0.998,0.065,-0.013,-0.018
2.2,0.71694,-0.020349,0.17654,0.998,0.065,-0.013,-0.018
2.25,0.7112,-0.012997,0.17975,0.998,0.065,-0.013,-0.018
2.3,0.70465,-0.0049226,0.18149,0.998,0.065,-0.013,-0.018
2.35,0.69757,0.0034854,0.18158,0.998,0.065,-0.013,-0.018
2.4,0.69035,0.011904,0.18011,0.998,0.065,-0.013,-0.018
2.45,0.68326,0.020096,0.17736,0.998,0.065,-0.013,-0.018
2.5,0.67645,0.027921,0.17363,0.998,0.065,-0.013,-0.018
2.55,0.66998,0.035324,0.16914,0.998,0.065,-0.013,-0.018
2.6,0.66384,0.042298,0.16402,0.998,0.065,-0.013,-0.018
2.65,0.65801,0.048848,0.1583,0.998,0.065,-0.013,-0.018
2.7,0.65248,0.054955,0.15191,0.998,0.065,-0.013,-0.018
2.75,0.64725,0.060553,0.14464,0.998,0.065,-0.013,-0.018
2.8,0.64236,0.065523,0.13632,0.998,0.065,-0.013,-0.018
2.85,0.6379,0.069743,0.12695,0.998,0.065,-0.013,-0.018
2.9,0.63396,0.073241,0.117,0.998,0.065,-0.013,-0.018
2.95,0.6305,0.07631,0.10715,0.998,0.065,-0.013,-0.018
3,0.62739,0.079275,0.097839,0.998,0.065,-0.013,-0.018
3.05,0.62466,0.082132,0.089332,0.998,0.065,-0.013,-0.018
3.1,0.62247,0.08446,0.082062,0.998,0.065,-0.013,-0.018
3.15,0.621,0.085493,0.076781,0.998,0.065,-0.013,-0.018
3.2,0.62028,0.084465,0.074375,0.998,0.065,-0.013,-0.018
3.25,0.62027,0.081977,0.074966,0.998,0.065,-0.013,-0.018
3.3,0.6205,0.084668,0.075031,0.998,0.065,-0.013,-0.018
3.35,0.62104,0.087067,0.077026,0.998,0.065,-0.013,-0.018
3.4,0.62163,0.088969,0.080613,0.998,0.065,-0.013,-0.018
3.45,0.62218,0.090848,0.085225,0.998,0.065,-0.013,-0.018
3.5,0.62269,0.093017,0.090499,0.998,0.065,-0.013,-0.018
3.55,0.62326,0.095609,0.096267,0.998,0.065,-0.013,-0.018
3.6,0.62401,0.098674,0.1025,0.998,0.065,-0.013,-0.018
3.65,0.62505,0.10225,0.10923,0.998,0.065,-0.013,-0.018
3.7,0.62642,0.10635,0.11645,0.998,0.065,-0.013,-0.018
3.75,0.62809,0.11097,0.12399,0.998,0.065,-0.013,-0.018
3.8,0.62998,0.11604,0.13151,0.998,0.065,-0.013,-0.018
3.85,0.63207,0.12148,0.13863,0.998,0.065,-0.013,-0.018
3.9,0.63443,0.12733,0.14517,0.998,0.065,-0.013,-0.018
3.95,0.63715,0.13369,0.1511,0.998,0.065,-0.013,-0.018
4,0.64022,0.14063,0.15651,0.998,0.065,-0.013,-0.018
4.05,0.64351,0.14805,0.16142,0.998,0.065,-0.013,-0.018
4.1,0.64687,0.15575,0.16573,0.998,0.065,-0.013,-0.018
4.15,0.65017,0.1635,0.16918,0.998,0.065,-0.013,-0.018
4.2,0.65338,0.17111,0.17155,0.998,0.065,-0.013,-0.018
4.25,0.65649,0.17844,0.17282,0.998,0.065,-0.013,-0.018
4.3,0.65951,0.18543,0.17315,0.998,0.065,-0.013,-0.018
4.35,0.66248,0.19206,0.17282,0.998,0.065,-0.013,-0.018
4.4,0.6654,0.19836,0.17206,0.998,0.065,-0.013,-0.018
4.45,0.66828,0.20434,0.17105,0.998,0.065,-0.013,-0.018
4.5,0.67111,0.21005,0.16989,0.998,0.065,-0.013,-0.018
4.55,0.67392,0.21552,0.16866,0.998,0.065,-0.013,-0.018
4.6,0.67675,0.22076,0.1674,0.998,0.065,-0.013,-0.018
4.65,0.67964,0.22579,0.16613,0.998,0.065,-0.013,-0.018
4.7,0.68264,0.23058,0.16484,0.998,0.065,-0.013,-0.018
4.75,0.68584,0.23508,0.16352,0.998,0.065,-0.013,-0.018
4.8,0.68932,0.23915,0.16217,0.998,0.065,-0.013,-0.018
4.85,0.69325,0.24259,0.16081,0.998,0.065,-0.013,-0.018
4.9,0.69785,0.24505,0.15952,0.998,0.065,-0.013,-0.018
4.95,0.70339,0.24611,0.15846,0.998,0.065,-0.013,-0.018
5,0.71001,0.24554,0.15776,0.998,0.065,-0.013,-0.018
