0.05,0.40869,-0.12258,0.28377,0.998,0.065,-0.013,-0.018
0.1,0.4208,-0.12855,0.29179,0.998,0.065,-0.013,-0.018
0.15,0.43343,-0.1328,0.29873,0.998,0.065,-0.013,-0.018
0.2,0.44649,-0.1351,0.30431,0.998,0.065,-0.013,-0.018
0.25,0.45988,-0.13568,0.30854,0.998,0.065,-0.013,-0.018
0.3,0.4735,-0.13485,0.31153,0.998,0.065,-0.013,-0.018
0.35,0.48731,-0.13287,0.31341,0.998,0.065,-0.013,-0.018
0.4,0.50127,-0.12997,0.31431,0.998,0.065,-0.013,-0.018
0.45,0.51538,-0.12631,0.31434,0.998,0.065,-0.013,-0.018
0.5,0.52962,-0.122,0.31356,0.998,0.065,-0.013,-0.018
0.55,0.54401,-0.11715,0.31204,0.998,0.065,-0.013,-0.018
0.6,0.55852,-0.11182,0.30979,0.998,0.065,-0.013,-0.018
0.65,0.57312,-0.10604,0.30681,0.998,0.065,-0.013,-0.018
0.7,0.58778,-0.099802,0.30307,0.998,0.065,-0.013,-0.018
0.75,0.60245,-0.093145,0.2985,0.998,0.065,-0.013,-0.018
0.8,0.61704,-0.08614,0.29296,0.998,0.065,-0.013,-0.018
0.85,0.6314,-0.078936,0.28631,0.998,0.065,-0.013,-0.018
0.9,0.64533,-0.071759,0.27846,0.998,0.065,-0.013,-0.018
0.95,0.65859,-0.064874,0.26943,0.998,0.065,-0.013,-0.018
1,0.671,-0.058506,0.25953,0.998,0.065,-0.013,-0.018
1.05,0.68243,-0.052778,0.24923,0.998,0.065,-0.013,-0.018
1.1,0.69286,-0.047773,0.23902,0.998,0.065,-0.013,-0.018
1.15,0.70224,-0.04363,0.22915,0.998,0.065,-0.013,-0.018
1.2,0.71049,-0.040549,0.21972,0.998,0.065,-0.013,-0.018
1.25,0.71748,-0.038687,0.21074,0.998,0.065,-0.013,-0.018
1.3,0.7231,-0.038046,0.20229,0.998,0.065,-0.013,-0.018
1.35,0.72728,-0.038424,0.19439,0.998,0.065,-0.013,-0.018
1.4,0.73011,-0.039418,0.18698,0.998,0.065,-0.013,-0.018
1.45,0.73169,-0.040544,0.17983,0.998,0.065,-0.013,-0.018
1.5,0.73205,-0.041417,0.17268,0.998,0.065,-0.013,-0.018
1.55,0.7312,-0.041811,0.16545,0.998,0.065,-0.013,-0.018
1.6,0.72984,-0.041775,0.15898,0.998,0.065,-0.013,-0.018
1.65,0.73202,-0.04241,0.15826,0.998,0.065,-0.013,-0.018
1.7,0.73384,-0.042671,0.15826,0.998,0.065,-0.013,-0.018
1.75,0.73473,-0.042514,0.15801,0.998,0.065,-0.013,-0.018
1.8,0.73493,-0.04206,0.15759,0.998,0.065,-0.013,-0.018
1.85,0.73468,-0.041394,0.1573,0.998,0.065,-0.013,-0.018
1.9,0.73411,-0.040523,0.15746,0.998,0.065,-0.013,-0.018
1.95,0.73316,-0.039354,0.1584,0.998,0.065,-0.013,-0.018
2,0.73164,-0.037674,0.16042,0.998,0.065,-0.013,-0.018
2.05,0.7293,-0.035167,0.16364,0.998,0.065,-0.013,-0.018
2.1,0.72599,-0.031519,0.16783,0.998,0.065,-0.013,-0.018
2.15,0.72182,-0.026567,0.1724,0.998,0.065,-0.013,-0.018
2.2,0.7169,-0.020321,0.1766,0.998,0.065,-0.013,-0.018
2.25,0.71117,-0.012972,0.17979,0.998,0.065,-0.013,-0.018
2.3,0.70462,-0.0049015,0.18152,0.998,0.065,-0.013,-0.018
2.35,0.69755,0.0035031,0.1816,0.998,0.065,-0.013,-0.018
2.4,0.69033,0.011919,0.18013,0.998,0.065,-0.013,-0.018
2.45,0.68325,0.020109,0.17738,0.998,0.065,-0.013,-0.018
2.5,0.67644,0.027932,0.17364,0.998,0.065,-0.013,-0.018
2.55,0.66997,0.035335,0.16915,0.998,0.065,-0.013,-0.018
2.6,0.66383,0.04231,0.16403,0.998,0.065,-0.013,-0.018
2.65,0.65801,0.048862,0.15832,0.998,0.065,-0.013,-0.018
2.7,0.65248,0.054972,0.15192,0.998,0.065,-0.013,-0.018
2.75,0.64724,0.060574,0.14466,0.998,0.065,-0.013,-0.018
2.8,0.64236,0.06555,0.13634,0.998,0.065,-0.013,-0.018
2.85,0.6379,0.069778,0.12698,0.998,0.065,-0.013,-0.018
2.9,0.63397,0.073287,0.11704,0.998,0.065,-0.013,-0.018
2.95,0.63054,0.076376,0.10721,0.998,0.065,-0.013,-0.018
3,0.6275,0.079383,0.09794,0.998,0.065,-0.013,-0.018
3.05,0.62492,0.082328,0.089516,0.998,0.065,-0.013,-0.018
3.1,0.62307,0.084821,0.082418,0.998,0.065,-0.013,-0.018
3.15,0.62222,0.086115,0.077462,0.998,0.065,-0.013,-0.018
3.2,0.62244,0.085398,0.075579,0.998,0.065,-0.013,-0.018
3.25,0.62332,0.083122,0.076734,0.998,0.065,-0.013,-0.018
3.3,0.62302,0.085749,0.076404,0.998,0.065,-0.013,-0.018
3.35,0.62286,0.08794,0.077965,0.998,0.065,-0.013,-0.018
3.4,0.62286,0.089597,0.08122,0.998,0.065,-0.013,-0.018
3.45,0.62291,0.091244,0.08559,0.998,0.065,-0.013,-0.018
3.5,0.62301,0.093206,0.090679,0.998,0.065,-0.013,-0.018
3.55,0.62321,0.095614,0.0963,0.998,0.065,-0.013,-0.018
3.6,0.62363,0.098511,0.10241,0.998,0.065,-0.013,-0.018
3.65,0.62434,0.10192,0.10903,0.998,0.065,-0.013,-0.018
3.7,0.62537,0.10586,0.11615,0.998,0.065,-0.013,-0.018
3.75,0.62666,0.1103,0.12361,0.998,0.065,-0.013,-0.018
3.8,0.62807,0.11513,0.13105,0.998,0.065,-0.013,-0.018
3.85,0.62946,0.12019,0.13811,0.998,0.065,-0.013,-0.018
3.9,0.63074,0.12542,0.14463,0.998,0.065,-0.013,-0.018
3.95,0.63186,0.13081,0.15064,0.998,0.065,-0.013,-0.018
4,0.63271,0.13634,0.15624,0.998,0.065,-0.013,-0.018
4.05,0.63315,0.14191,0.16145,0.998,0.065,-0.013,-0.018
4.1,0.63306,0.14741,0.16612,0.998,0.065,-0.013,-0.018
4.15,0.63244,0.15268,0.16994,0.998,0.065,-0.013,-0.018
4.2,0.63131,0.15758,0.17266,0.998,0.065,-0.013,-0.018
4.25,0.62973,0.16201,0.17425,0.998,0.065,-0.013,-0.018
4.3,0.62776,0.16593,0.1749,0.998,0.065,-0.013,-0.018
4.35,0.62542,0.16933,0.17489,0.998,0.065,-0.013,-0.018
4.4,0.62272,0.17223,0.17447,0.998,0.065,-0.013,-0.018
4.45,0.61966,0.17467,0.17382,0.998,0.065,-0.013,-0.018
4.5,0.61623,0.17669,0.17305,0.998,0.065,-0.013,-0.018
4.55,0.6124,0.17834,0.17224,0.998,0.065,-0.013,-0.018
4.6,0.60814,0.17965,0.17145,0.998,0.065,-0.013,-0.018
4.65,0.60342,0.18067,0.1707,0.998,0.065,-0.013,-0.018
4.7,0.59819,0.18147,0.17,0.998,0.065,-0.013,-0.018
4.75,0.5924,0.18213,0.16932,0.998,0.065,-0.013,-0.018
4.8,0.58595,0.18279,0.1686,0.998,0.065,-0.013,-0.018
4.85,0.57873,0.18364,0.16767,0.998,0.065,-0.013,-0.018
4.9,0.57054,0.185,0.16619,0.998,0.065,-0.013,-0.018
4.95,0.56116,0.18728,0.16353,0.998,0.065,-0.013,-0.018
5,0.55053,0.19073,0.15906,0.998,0.065,-0.013,-0.018
