0.05,0.4068,-0.12648,0.28173,0.998,0.065,-0.013,-0.018
0.1,0.41918,-0.13132,0.29004,0.998,0.065,-0.013,-0.018
0.15,0.43203,-0.13465,0.29723,0.998,0.065,-0.013,-0.018
0.2,0.44528,-0.13629,0.30301,0.998,0.065,-0.013,-0.018
0.25,0.45882,-0.1364,0.30741,0.998,0.065,-0.013,-0.018
0.3,0.47257,-0.13524,0.31055,0.998,0.065,-0.013,-0.018
0.35,0.4865,-0.13305,0.31257,0.998,0.065,-0.013,-0.018
0.4,0.50057,-0.13001,0.31359,0.998,0.065,-0.013,-0.018
0.45,0.51476,-0.12626,0.31372,0.998,0.065,-0.013,-0.018
0.5,0.5291,-0.12191,0.31305,0.998,0.065,-0.013,-0.018
0.55,0.54357,-0.11704,0.31161,0.998,0.065,-0.013,-0.018
0.6,0.55816,-0.11171,0.30944,0.998,0.065,-0.013,-0.018
0.65,0.57284,-0.10594,0.30654,0.998,0.065,-0.013,-0.018
0.7,0.58757,-0.099733,0.30287,0.998,0.065,-0.013,-0.018
0.75,0.6023,-0.093104,0.29836,0.998,0.065,-0.013,-0.018
0.8,0.61695,-0.08613,0.29288,0.998,0.065,-0.013,-0.018
0.85,0.63136,-0.078958,0.28629,0.998,0.065,-0.013,-0.018
0.9,0.64533,-0.071808,0.27847,0.998,0.065,-0.013,-0.018
0.95,0.65863,-0.064947,0.26949,0.998,0.065,-0.013,-0.018
1,0.67106,-0.058597,0.25961,0.998,0.065,-0.013,-0.018
1.05,0.68252,-0.052882,0.24934,0.998,0.065,-0.013,-0.018
1.1,0.69298,-0.047887,0.23916,0.998,0.065,-0.013,-0.018
1.15,0.70239,-0.043755,0.22932,0.998,0.065,-0.013,-0.018
1.2,0.71068,-0.040685,0.21992,0.998,0.065,-0.013,-0.018
1.25,0.7177,-0.038834,0.21099,0.998,0.065,-0.013,-0.018
1.3,0.72337,-0.038201,0.20261,0.998,0.065,-0.013,-0.018
1.35,0.72763,-0.038584,0.19481,0.998,0.065,-0.013,-0.018
1.4,0.73062,-0.039572,0.18756,0.998,0.065,-0.013,-0.018
1.45,0.73251,-0.040668,0.18067,0.998,0.065,-0.013,-0.018
1.5,0.73351,-0.041463,0.17397,0.998,0.065,-0.013,-0.018
1.55,0.73372,-0.041709,0.16741,0.998,0.065,-0.013,-0.018
1.6,0.7335,-0.041498,0.16161,0.998,0.065,-0.013,-0.018
1.65,0.73445,-0.042246,0.16018,0.998,0.065,-0.013,-0.018
1.7,0.73511,-0.042604,0.15946,0.998,0.065,-0.013,-0.018
1.75,0.7353,-0.042489,0.15873,0.998,0.065,-0.013,-0.018
1.8,0.73514,-0.042044,0.15803,0.998,0.065,-0.013,-0.018
1.85,0.73474,-0.041377,0.15758,0.998,0.065,-0.013,-0.018
1.9,0.73411,-0.040504,0.15764,0.998,0.065,-0.013,-0.018
1.95,0.73314,-0.039335,0.15852,0.998,0.065,-0.013,-0.018
2,0.73162,-0.037658,0.1605,0.998,0.065,-0.013,-0.018
2.05,0.72928,-0.035153,0.1637,0.998,0.065,-0.013,-0.018
2.1,0.72597,-0.031507,0.16788,0.998,0.065,-0.013,-0.018
2.15,0.7218,-0.026556,0.17243,0.998,0.065,-0.013,-0.018
2.2,0.71689,-0.020311,0.17663,0.998,0.065,-0.013,-0.018
2.25,0.71116,-0.012964,0.17981,0.998,0.065,-0.013,-0.018
2.3,0.70462,-0.0048948,0.18154,0.998,0.065,-0.013,-0.018
2.35,0.69755,0.003508,0.18161,0.998,0.065,-0.013,-0.018
2.4,0.69033,0.011922,0.18013,0.998,0.065,-0.013,-0.018
2.45,0.68325,0.020109,0.17738,0.998,0.065,-0.013,-0.018
2.5,0.67644,0.02793,0.17364,0.998,0.065,-0.013,-0.018
2.55,0.66997,0.03533,0.16915,0.998,0.065,-0.013,-0.018
2.6,0.66384,0.042303,0.16403,0.998,0.065,-0.013,-0.018
2.65,0.65801,0.04885,0.15831,0.998,0.065,-0.013,-0.018
2.7,0.65248,0.054955,0.15191,0.998,0.065,-0.013,-0.018
2.75,0.64725,0.060552,0.14464,0.998,0.065,-0.013,-0.018
2.8,0.64236,0.065522,0.13631,0.998,0.065,-0.013,-0.018
2.85,0.63791,0.069742,0.12694,0.998,0.065,-0.013,-0.018
2.9,0.63397,0.07324,0.11699,0.998,0.065,-0.013,-0.018
2.95,0.63051,0.076311,0.10714,0.998,0.065,-0.013,-0.018
3,0.62743,0.079285,0.097828,0.998,0.065,-0.013,-0.018
3.05,0.62473,0.08217,0.089309,0.998,0.065,-0.013,-0.018
3.1,0.62261,0.084578,0.081999,0.998,0.065,-0.013,-0.018
3.15,0.62125,0.08581,0.076594,0.998,0.065,-0.013,-0.018
3.2,0.6207,0.085195,0.073886,0.998,0.065,-0.013,-0.018
3.25,0.62081,0.083254,0.074036,0.998,0.065,-0.013,-0.018
3.3,0.62101,0.085477,0.074474,0.998,0.065,-0.013,-0.018
3.35,0.62146,0.087495,0.076768,0.998,0.065,-0.013,-0.018
3.4,0.62196,0.089192,0.080514,0.998,0.065,-0.013,-0.018
3.45,0.62242,0.090974,0.0852,0.998,0.065,-0.013,-0.018
3.5,0.62287,0.093097,0.090503,0.998,0.065,-0.013,-0.018
3.55,0.62339,0.095666,0.096282,0.998,0.065,-0.013,-0.018
3.6,0.62411,0.098719,0.10252,0.998,0.065,-0.013,-0.018
3.65,0.62513,0.10228,0.10925,0.998,0.065,-0.013,-0.018
3.7,0.62649,0.10638,0.11647,0.998,0.065,-0.013,-0.018
3.75,0.62816,0.111,0.12401,0.998,0.065,-0.013,-0.018
3.8,0.63005,0.11607,0.13152,0.998,0.065,-0.013,-0.018
3.85,0.63214,0.12151,0.13865,0.998,0.065,-0.013,-0.018
3.9,0.63451,0.12737,0.14518,0.998,0.065,-0.013,-0.018
3.95,0.63725,0.13375,0.15111,0.998,0.065,-0.013,-0.018
4,0.64035,0.14071,0.15651,0.998,0.065,-0.013,-0.018
4.05,0.64369,0.14816,0.16142,0.998,0.065,-0.013,-0.018
4.1,0.64709,0.15589,0.16572,0.998,0.065,-0.013,-0.018
4.15,0.65046,0.16368,0.16917,0.998,0.065,-0.013,-0.018
4.2,0.65373,0.17133,0.17154,0.998,0.065,-0.013,-0.018
4.25,0.65691,0.1787,0.17279,0.998,0.065,-0.013,-0.018
4.3,0.66002,0.18574,0.17312,0.998,0.065,-0.013,-0.018
4.35,0.66307,0.19243,0.17278,0.998,0.065,-0.013,-0.018
4.4,0.66607,0.19878,0.17202,0.998,0.065,-0.013,-0.018
4.45,0.66903,0.20483,0.17101,0.998,0.065,-0.013,-0.018
4.5,0.67196,0.2106,0.16985,0.998,0.065,-0.013,-0.018
4.55,0.67487,0.21614,0.16861,0.998,0.065,-0.013,-0.018
4.6,0.6778,0.22146,0.16735,0.998,0.065,-0.013,-0.018
4.65,0.68079,0.22659,0.16608,0.998,0.065,-0.013,-0.018
4.7,0.68389,0.2315,0.16479,0.998,0.065,-0.013,-0.018
4.75,0.68718,0.23614,0.16348,0.998,0.065,-0.013,-0.018
4.8,0.69076,0.2404,0.16214,0.998,0.065,-0.013,-0.018
4.85,0.69476,0.24409,0.16078,0.998,0.065,-0.013,-0.018
4.9,0.69939,0.24689,0.15948,0.998,0.065,-0.013,-0.018
4.95,0.70491,0.24843,0.15837,0.998,0.065,-0.013,-0.018
5,0.71143,0.24849,0.15756,0.998,0.065,-0.013,-0.018
