0.05,0.42062,-0.12626,0.2903,0.998,0.065,-0.013,-0.018
0.1,0.43172,-0.13237,0.29766,0.998,0.065,-0.013,-0.018
0.15,0.44341,-0.13664,0.30401,0.998,0.065,-0.013,-0.018
0.2,0.4556,-0.13887,0.30905,0.998,0.065,-0.013,-0.018
0.25,0.46818,-0.1393,0.3128,0.998,0.065,-0.013,-0.018
0.3,0.48106,-0.13827,0.31535,0.998,0.065,-0.013,-0.018
0.35,0.49418,-0.13607,0.31684,0.998,0.065,-0.013,-0.018
0.4,0.50749,-0.13293,0.31738,0.998,0.065,-0.013,-0.018
0.45,0.521,-0.12902,0.31708,0.998,0.065,-0.013,-0.018
0.5,0.53468,-0.12447,0.31601,0.998,0.065,-0.013,-0.018
0.55,0.54853,-0.11938,0.31421,0.998,0.065,-0.013,-0.018
0.6,0.56255,-0.11382,0.31171,0.998,0.065,-0.013,-0.018
0.65,0.57669,-0.10781,0.30851,0.998,0.065,-0.013,-0.018
0.7,0.59093,-0.10136,0.30457,0.998,0.065,-0.013,-0.018
0.75,0.60521,-0.094512,0.29982,0.998,0.065,-0.013,-0.018
0.8,0.61945,-0.087332,0.29412,0.998,0.065,-0.013,-0.018
0.85,0.63352,-0.079976,0.28735,0.998,0.065,-0.013,-0.018
0.9,0.6472,-0.072674,0.27939,0.998,0.065,-0.013,-0.018
0.95,0.66028,-0.065693,0.27029,0.998,0.065,-0.013,-0.018
1,0.67252,-0.059255,0.26033,0.998,0.065,-0.013,-0.018
1.05,0.68382,-0.053475,0.25,0.998,0.065,-0.013,-0.018
1.1,0.69412,-0.048425,0.23975,0.998,0.065,-0.013,-0.018
1.15,0.70337,-0.044236,0.22986,0.998,0.065,-0.013,-0.018
1.2,0.71148,-0.041101,0.22041,0.998,0.065,-0.013,-0.018
1.25,0.71833,-0.039176,0.21144,0.998,0.065,-0.013,-0.018
1.3,0.72383,-0.03847,0.20303,0.998,0.065,-0.013,-0.018
1.35,0.72794,-0.038791,0.19524,0.998,0.065,-0.013,-0.018
1.4,0.73078,-0.039758,0.18802,0.998,0.065,-0.013,-0.018
1.45,0.73257,-0.040927,0.18124,0.998,0.065,-0.013,-0.018
1.5,0.73346,-0.041965,0.17471,0.998,0.065,-0.013,-0.018
1.55,0.73357,-0.042693,0.1684,0.998,0.065,-0.013,-0.018
1.6,0.73326,-0.043045,0.16286,0.998,0.065,-0.013,-0.018
1.65,0.73425,-0.043205,0.16116,0.998,0.065,-0.013,-0.018
1.7,0.73494,-0.043044,0.16016,0.998,0.065,-0.013,-0.018
1.75,0.73516,-0.042641,0.15923,0.998,0.065,-0.013,-0.018
1.8,0.73502,-0.042069,0.15839,0.998,0.065,-0.013,-0.018
1.85,0.73465,-0.041356,0.15783,0.998,0.065,-0.013,-0.018
1.9,0.73403,-0.040473,0.15782,0.998,0.065,-0.013,-0.018
1.95,0.73308,-0.039306,0.15866,0.998,0.065,-0.013,-0.018
2,0.73157,-0.037633,0.1606,0.998,0.065,-0.013,-0.018
2.05,0.72924,-0.035133,0.16377,0.998,0.065,-0.013,-0.018
2.1,0.72595,-0.03149,0.16793,0.998,0.065,-0.013,-0.018
2.15,0.72178,-0.026541,0.17248,0.998,0.065,-0.013,-0.018
2.2,0.71687,-0.020297,0.17666,0.998,0.065,-0.013,-0.018
2.25,0.71115,-0.012951,0.17984,0.998,0.065,-0.013,-0.018
2.3,0.70461,-0.0048817,0.18156,0.998,0.065,-0.013,-0.018
2.35,0.69754,0.0035215,0.18163,0.998,0.065,-0.013,-0.018
2.4,0.69032,0.011937,0.18015,0.998,0.065,-0.013,-0.018
2.45,0.68324,0.020126,0.1774,0.998,0.065,-0.013,-0.018
2.5,0.67643,0.027952,0.17366,0.998,0.065,-0.013,-0.018
2.55,0.66996,0.035358,0.16917,0.998,0.065,-0.013,-0.018
2.6,0.66381,0.042339,0.16406,0.998,0.065,-0.013,-0.018
2.65,0.65798,0.048898,0.15835,0.998,0.065,-0.013,-0.018
2.7,0.65245,0.055019,0.15197,0.998,0.065,-0.013,-0.018
2.75,0.64721,0.060634,0.14472,0.998,0.065,-0.013,-0.018
2.8,0.64231,0.065626,0.13642,0.998,0.065,-0.013,-0.018
2.85,0.63785,0.069871,0.12707,0.998,0.065,-0.013,-0.018
2.9,0.63391,0.073401,0.11715,0.998,0.065,-0.013,-0.018
2.95,0.63046,0.076522,0.10735,0.998,0.065,-0.013,-0.018
3,0.6274,0.079584,0.098129,0.998,0.065,-0.013,-0.018
3.05,0.62482,0.082624,0.089786,0.998,0.065,-0.013,-0.018
3.1,0.62297,0.085286,0.082816,0.998,0.065,-0.013,-0.018
3.15,0.62214,0.086878,0.078043,0.998,0.065,-0.013,-0.018
3.2,0.62237,0.08664,0.076372,0.998,0.065,-0.013,-0.018
3.25,0.62324,0.084892,0.07767,0.998,0.065,-0.013,-0.018
3.3,0.6231,0.08697,0.077189,0.998,0.065,-0.013,-0.018
3.35,0.62303,0.088672,0.078543,0.998,0.065,-0.013,-0.018
3.4,0.62305,0.090028,0.08162,0.998,0.065,-0.013,-0.018
3.45,0.62308,0.091505,0.085858,0.998,0.065,-0.013,-0.018
3.5,0.62315,0.093371,0.090857,0.998,0.065,-0.013,-0.018
3.55,0.62333,0.095722,0.096418,0.998,0.065,-0.013,-0.018
3.6,0.62372,0.098585,0.10249,0.998,0.065,-0.013,-0.018
3.65,0.6244,0.10197,0.10909,0.998,0.065,-0.013,-0.018
3.7,0.62542,0.1059,0.11619,0.998,0.065,-0.013,-0.018
3.75,0.6267,0.11033,0.12363,0.998,0.065,-0.013,-0.018
3.8,0.6281,0.11515,0.13107,0.998,0.065,-0.013,-0.018
3.85,0.62947,0.12021,0.13813,0.998,0.065,-0.013,-0.018
3.9,0.63074,0.12543,0.14464,0.998,0.065,-0.013,-0.018
3.95,0.63185,0.13081,0.15064,0.998,0.065,-0.013,-0.018
4,0.63268,0.13632,0.15624,0.998,0.065,-0.013,-0.018
4.05,0.63309,0.14188,0.16145,0.998,0.065,-0.013,-0.018
4.1,0.63299,0.14736,0.16612,0.998,0.065,-0.013,-0.018
4.15,0.63233,0.15262,0.16994,0.998,0.065,-0.013,-0.018
4.2,0.63117,0.1575,0.17267,0.998,0.065,-0.013,-0.018
4.25,0.62957,0.16191,0.17426,0.998,0.065,-0.013,-0.018
4.3,0.62756,0.16581,0.17491,0.998,0.065,-0.013,-0.018
4.35,0.62518,0.16919,0.17491,0.998,0.065,-0.013,-0.018
4.4,0.62244,0.17206,0.17449,0.998,0.065,-0.013,-0.018
4.45,0.61934,0.17449,0.17384,0.998,0.065,-0.013,-0.018
4.5,0.61586,0.17649,0.17308,0.998,0.065,-0.013,-0.018
4.55,0.61197,0.17813,0.17228,0.998,0.065,-0.013,-0.018
4.6,0.60766,0.17943,0.1715,0.998,0.065,-0.013,-0.018
4.65,0.60287,0.18045,0.17078,0.998,0.065,-0.013,-0.018
4.7,0.59757,0.18127,0.17012,0.998,0.065,-0.013,-0.018
4.75,0.59168,0.18197,0.16952,0.998,0.065,-0.013,-0.018
4.8,0.58513,0.18269,0.16898,0.998,0.065,-0.013,-0.018
4.85,0.57777,0.18365,0.16843,0.998,0.065,-0.013,-0.018
4.9,0.56943,0.18514,0.16771,0.998,0.065,-0.013,-0.018
4.95,0.55991,0.18757,0.16655,0.998,0.065,-0.013,-0.018
5,0.54917,0.19114,0.16456,0.998,0.065,-0.013,-0.018
