0.05,0.49262,-0.27976,0.46378,0.998,0.065,-0.013,-0.018
0.1,0.50172,-0.2624,0.45064,0.998,0.065,-0.013,-0.018
0.15,0.51075,-0.24626,0.43798,0.998,0.065,-0.013,-0.018
0.2,0.51971,-0.23154,0.42602,0.998,0.065,-0.013,-0.018
0.25,0.52868,-0.21806,0.41476,0.998,0.065,-0.013,-0.018
0.3,0.53771,-0.20559,0.40414,0.998,0.065,-0.013,-0.018
0.35,0.54685,-0.19389,0.39408,0.998,0.065,-0.013,-0.018
0.4,0.55614,-0.18277,0.38447,0.998,0.065,-0.013,-0.018
0.45,0.56563,-0.17207,0.37522,0.998,0.065,-0.013,-0.018
0.5,0.57533,-0.16163,0.36622,0.998,0.065,-0.013,-0.018
0.55,0.58528,-0.15135,0.35734,0.998,0.065,-0.013,-0.018
0.6,0.59548,-0.14115,0.3485,0.998,0.065,-0.013,-0.018
0.65,0.60594,-0.13102,0.33965,0.998,0.065,-0.013,-0.018
0.7,0.61668,-0.12091,0.33073,0.998,0.065,-0.013,-0.018
0.75,0.62771,-0.11082,0.32165,0.998,0.065,-0.013,-0.018
0.8,0.63901,-0.10083,0.31225,0.998,0.065,-0.013,-0.018
0.85,0.65051,-0.09109,0.3024,0.998,0.065,-0.013,-0.018
0.9,0.66207,-0.081848,0.29198,0.998,0.065,-0.013,-0.018
0.95,0.67343,-0.073387,0.28098,0.998,0.065,-0.013,-0.018
1,0.68432,-0.06589,0.26956,0.998,0.065,-0.013,-0.018
1.05,0.69444,-0.05935,0.25801,0.998,0.065,-0.013,-0.018
1.1,0.70358,-0.053672,0.24664,0.998,0.065,-0.013,-0.018
1.15,0.71162,-0.048855,0.23563,0.998,0.065,-0.013,-0.018
1.2,0.71846,-0.045039,0.22506,0.998,0.065,-0.013,-0.018
1.25,0.72405,-0.042391,0.21501,0.998,0.065,-0.013,-0.018
1.3,0.72835,-0.040974,0.2056,0.998,0.065,-0.013,-0.018
1.35,0.73143,-0.040667,0.19693,0.998,0.065,-0.013,-0.018
1.4,0.73357,-0.041148,0.18901,0.998,0.065,-0.013,-0.018
1.45,0.73512,-0.041997,0.18176,0.998,0.065,-0.013,-0.018
1.5,0.73642,-0.042865,0.17508,0.998,0.065,-0.013,-0.018
1.55,0.73765,-0.043515,0.16895,0.998,0.065,-0.013,-0.018
1.6,0.7386,-0.043811,0.16375,0.998,0.065,-0.013,-0.018
1.65,0.73801,-0.043849,0.16149,0.998,0.065,-0.013,-0.018
1.7,0.73718,-0.043548,0.16005,0.998,0.065,-0.013,-0.018
1.75,0.73642,-0.043012,0.15891,0.998,0.065,-0.013,-0.018
1.8,0.73573,-0.04233,0.15802,0.998,0.065,-0.013,-0.018
1.85,0.73506,-0.041536,0.1575,0.998,0.065,-0.013,-0.018
1.9,0.73429,-0.040595,0.15755,0.998,0.065,-0.013,-0.018
1.95,0.73324,-0.03939,0.15844,0.998,0.065,-0.013,-0.018
2,0.73168,-0.037692,0.16044,0.998,0.065,-0.013,-0.018
2.05,0.72932,-0.035176,0.16365,0.998,0.065,-0.013,-0.018
2.1,0.726,-0.031523,0.16784,0.998,0.065,-0.013,-0.018
2.15,0.72183,-0.026568,0.1724,0.998,0.065,-0.013,-0.018
2.2,0.7169,-0.02032,0.17661,0.998,0.065,-0.013,-0.018
2.25,0.71117,-0.01297,0.1798,0.998,0.065,-0.013,-0.018
2.3,0.70462,-0.0048959,0.18153,0.998,0.065,-0.013,-0.018
2.35,0.69755,0.0035126,0.18161,0.998,0.065,-0.013,-0.018
2.4,0.69032,0.011934,0.18014,0.998,0.065,-0.013,-0.018
2.45,0.68323,0.02013,0.1774,0.998,0.065,-0.013,-0.018
2.5,0.67642,0.027963,0.17368,0.998,0.065,-0.013,-0.018
2.55,0.66994,0.035378,0.16919,0.998,0.065,-0.013,-0.018
2.6,0.66379,0.04237,0.16409,0.998,0.065,-0.013,-0.018
2.65,0.65795,0.048943,0.1584,0.998,0.065,-0.013,-0.018
2.7,0.65241,0.05508,0.15203,0.998,0.065,-0.013,-0.018
2.75,0.64715,0.060715,0.1448,0.998,0.065,-0.013,-0.018
2.8,0.64224,0.065729,0.13652,0.998,0.065,-0.013,-0.018
2.85,0.63777,0.069999,0.12719,0.998,0.065,-0.013,-0.018
2.9,0.63381,0.073559,0.1173,0.998,0.065,-0.013,-0.018
2.95,0.63034,0.076723,0.10754,0.998,0.065,-0.013,-0.018
3,0.62725,0.079856,0.098386,0.998,0.065,-0.013,-0.018
3.05,0.62462,0.083019,0.090148,0.998,0.065,-0.013,-0.018
3.1,0.62271,0.085898,0.083334,0.998,0.065,-0.013,-0.018
3.15,0.62179,0.087874,0.078769,0.998,0.065,-0.013,-0.018
3.2,0.62187,0.088273,0.077315,0.998,0.065,-0.013,-0.018
3.25,0.62257,0.087249,0.078722,0.998,0.065,-0.013,-0.018
3.3,0.62274,0.088538,0.078083,0.998,0.065,-0.013,-0.018
3.35,0.62291,0.089562,0.079206,0.998,0.065,-0.013,-0.018
3.4,0.62305,0.090516,0.082077,0.998,0.065,-0.013,-0.018
3.45,0.62313,0.091778,0.08616,0.998,0.065,-0.013,-0.018
3.5,0.62321,0.093531,0.091051,0.998,0.065,-0.013,-0.018
3.55,0.62338,0.09582,0.096543,0.998,0.065,-0.013,-0.018
3.6,0.62375,0.098646,0.10257,0.998,0.065,-0.013,-0.018
3.65,0.62443,0.10201,0.10914,0.998,0.065,-0.013,-0.018
3.7,0.62543,0.10592,0.11622,0.998,0.065,-0.013,-0.018
3.75,0.6267,0.11034,0.12365,0.998,0.065,-0.013,-0.018
3.8,0.62809,0.11515,0.13108,0.998,0.065,-0.013,-0.018
3.85,0.62944,0.12019,0.13813,0.998,0.065,-0.013,-0.018
3.9,0.63068,0.1254,0.14464,0.998,0.065,-0.013,-0.018
3.95,0.63175,0.13076,0.15064,0.998,0.065,-0.013,-0.018
4,0.63254,0.13624,0.15624,0.998,0.065,-0.013,-0.018
4.05,0.63289,0.14176,0.16146,0.998,0.065,-0.013,-0.018
4.1,0.63271,0.1472,0.16613,0.998,0.065,-0.013,-0.018
4.15,0.63197,0.1524,0.16996,0.998,0.065,-0.013,-0.018
4.2,0.63073,0.15722,0.17269,0.998,0.065,-0.013,-0.018
4.25,0.62902,0.16157,0.17429,0.998,0.065,-0.013,-0.018
4.3,0.62691,0.1654,0.17495,0.998,0.065,-0.013,-0.018
4.35,0.62442,0.16871,0.17495,0.998,0.065,-0.013,-0.018
4.4,0.62157,0.17151,0.17454,0.998,0.065,-0.013,-0.018
4.45,0.61835,0.17385,0.17389,0.998,0.065,-0.013,-0.018
4.5,0.61475,0.17577,0.17313,0.998,0.065,-0.013,-0.018
4.55,0.61074,0.1773,0.17233,0.998,0.065,-0.013,-0.018
4.6,0.60629,0.17849,0.17155,0.998,0.065,-0.013,-0.018
4.65,0.60137,0.17938,0.17081,0.998,0.065,-0.013,-0.018
4.7,0.59594,0.18003,0.17012,0.998,0.065,-0.013,-0.018
4.75,0.58993,0.18053,0.16945,0.998,0.065,-0.013,-0.018
4.8,0.58326,0.181,0.16875,0.998,0.065,-0.013,-0.018
4.85,0.5758,0.18163,0.16786,0.998,0.065,-0.013,-0.018
4.9,0.56739,0.18272,0.16644,0.998,0.065,-0.013,-0.018
4.95,0.55778,0.18466,0.1639,0.998,0.065,-0.013,-0.018
5,0.54695,0.1877,0.15963,0.998,0.065,-0.013,-0.018
